-4.46238 -20.0004 -26.8765 -12.3832 3.73485 6.57525 -17.7583 -24.2955 -28.2158 -23.8376 -12.5355 7.41557 17.1002 -17.6083 -13.9695 -2.98487 -10.2721 -15.4262 -8.279 0.0169814 1.51175 -17.2596 -26.3617 -32.1153 -26.1431 -13.0291 6.11634 11.1395 -11.5116 -8.8447
-0.145968 -0.116254 -0.115829 -0.117138 -0.113292 -0.111672 0.0158476 0.00941459 -0.000928557 0.000626118 -0.0149539 -0.0205919 0.247464 -0.248833 -0.238752 -0.025159 -0.0253509 -0.0266546 -0.0300059 -0.0230687 -0.0203645 0.0174054 0.0155943 0.00670444 -0.00070527 -0.004526 -0.0142264 0.0405463 -0.0438143 -0.0204123
-1.60316 8.25303 11.5155 3.18696 -7.65243 -9.77596 0.799794 8.38119 17.1466 22.8569 20.324 9.11825 -1.16721 1.2247 0.812757 -0.764952 1.29209 2.69106 0.116535 -3.01817 -2.58267 -0.117693 1.23833 3.35989 5.28952 4.31874 1.93006 0.779566 -0.788473 -0.724552
-2.63785 -4.27215 -10.0909 -13.1502 -9.17758 -3.40249 -0.933801 4.94013 14.5994 18.4196 15.3514 6.5188 13.6532 -14.0673 -11.1002 1.54478 0.702612 4.23475 7.17543 5.16815 1.47681 -0.502991 4.01326 11.1056 14.3089 11.5585 4.89528 -7.94957 7.76604 9.06988
-6.40414 -5.71732 -7.8964 -7.93402 -3.53781 -3.76546 18.6046 -3.60379 -39.4274 -65.7445 -67.5976 -41.5087 12.5387 -12.5085 -12.7081 -4.85465 -4.89527 -8.11519 -9.86919 -6.68487 -4.39125 9.0448 -0.0448099 -15.3456 -29.6899 -30.3621 -18.8086 12.735 -12.9965 -11.1153
4.37253 -5.46716 -16.4396 -12.5932 2.89271 11.4817 23.1822 17.348 1.52883 -15.9935 -25.6965 -26.007 6.2349 -6.04684 -7.37919 0.309219 -2.9206 -7.5143 -6.88279 -0.802236 2.37299 10.1772 7.84555 2.18346 -5.60602 -10.5382 -11.3884 5.03786 -5.14639 -4.36495
3.26491 3.84278 19.0081 28.3346 18.8348 3.97131 3.04525 1.94397 -0.301153 -0.865436 -1.81243 -3.00911 -27.159 27.182 26.983 0.628981 2.48719 12.6551 19.4641 12.5419 2.3992 1.85539 1.37278 0.320513 -1.22713 -2.16521 -2.2686 -15.7817 16.2918 12.6307
7.71909 5.08786 4.35802 6.5242 6.39975 6.95923 -13.4064 -11.3171 -5.09704 1.70678 7.65873 12.4515 -12.7181 12.8176 12.0931 4.50728 3.08707 3.96553 6.12978 5.84747 4.93713 -5.40692 -5.21985 -3.8554 -0.364004 3.15636 5.01585 -9.10756 9.36186 7.53655
-0.684263 1.29028 4.79261 5.59345 3.03249 -0.325189 1.01403 -7.90198 -19.886 -25.9551 -21.6555 -10.1072 -4.21602 4.39019 3.14365 -0.945488 -0.533816 -0.911221 -1.60928 -1.4376 -0.875315 0.264327 -1.34295 -4.20702 -6.66913 -4.93728 -2.04478 2.38181 -2.34892 -2.58192
-0.689139 -0.272373 -5.95338 -10.5771 -7.50022 -1.65892 -0.512467 2.27396 7.70206 9.18977 8.15647 3.1827 9.35041 -9.35743 -9.29418 -0.895044 -0.96364 -4.85484 -8.25198 -5.47212 -1.35815 -0.521423 4.1983 11.9401 14.89 12.4556 5.12106 7.22265 -7.3416 -6.48227
-3.34045 -0.35583 -15.3365 -29.1367 -21.73 -5.91763 -1.55847 2.6655 9.23682 14.2951 12.0463 5.93542 27.3208 -27.1371 -28.4079 -3.93387 -3.81948 -17.1082 -29.0894 -20.5275 -6.26537 -0.64197 -0.826134 -1.17247 -0.047077 -0.123651 0.432933 26.7404 -27.2087 -23.8324
-7.95709 -5.43124 -0.413904 0.296838 0.203011 -4.85893 -25.2966 -19.897 -8.09476 0.0162067 8.22004 20.227 6.82812 -6.70025 -7.60163 -12.3307 -8.09478 -3.12879 -3.42953 -3.16842 -8.24488 -10.3337 -7.57372 -3.45304 -0.213618 3.14297 7.62576 13.2043 -13.2971 -12.6179
1.56137 1.16382 0.18506 0.0601448 -0.124087 0.935475 -1.67019 -1.64225 -0.649672 -0.135492 0.458884 1.69623 -1.47734 1.43328 1.74487 8.64905 6.01062 0.887892 0.163219 0.390705 5.46241 -11.5612 -10.6596 -4.60564 -0.388553 4.01956 10.5566 -7.6653 7.64471 7.78106
-4.05977 -3.01055 -0.768185 -0.294196 -0.476941 -2.69193 -8.90533 -7.3214 -3.04963 -0.307257 2.5282 7.07235 3.8712 -3.9032 -3.67008 -3.49097 -2.38566 -0.756291 -0.583236 -0.599393 -2.22296 -6.83973 -5.52909 -2.23435 0.00471799 2.21261 5.47021 3.36505 -3.40885 -3.09144
7.08721 -2.34703 -5.83697 3.23685 13.0422 14.1877 -13.7661 -9.47695 4.56564 14.5288 16.495 14.7053 -9.3531 9.66068 7.46041 0.247285 -1.64628 -3.89798 -2.80442 1.34332 2.62847 -7.34319 -4.6621 0.36911 5.94944 8.85254 8.935 2.02248 -1.88509 -2.86471
-5.39896 9.23642 13.7404 1.22245 -13.5691 -16.231 13.4715 25.2881 36.9873 40.7329 29.2694 3.97954 4.1109 -4.05508 -4.44936 -2.95074 0.944331 2.40792 -2.54964 -7.37942 -6.33525 5.67308 9.38281 13.5235 14.0157 7.49481 -0.851424 5.09618 -5.23652 -4.22992
0.685429 1.52846 7.73101 10.991 6.87263 0.619716 0.531884 4.98088 11.3794 12.3233 11.4793 4.22978 -10.1145 10.0828 10.2949 0.113053 1.17176 6.85138 10.2995 5.85275 0.482807 0.681782 7.81164 18.5325 21.8878 17.8311 6.55142 -8.09115 8.26152 7.0348
2.64357 2.50419 14.0695 21.9584 15.2154 3.80237 -1.66468 8.32669 22.668 28.6462 23.8919 11.1111 -21.15 21.1603 21.0578 1.07144 2.3921 11.8691 18.5247 12.611 2.98387 -0.831553 1.3278 5.29381 8.83285 6.78138 3.08005 -15.8896 16.3112 13.2832
-0.657135 -1.70584 -1.78749 -0.468906 1.13178 0.921613 1.09333 -4.17669 -11.0472 -14.4134 -11.7439 -5.92946 0.926165 -0.920683 -0.958562 -0.224141 -0.454961 -0.822196 -0.656321 -0.0545703 0.051205 0.211443 -0.209596 -1.2332 -2.28157 -1.55894 -0.652598 0.704942 -0.719462 -0.614724
1.39187 1.22026 15.464 25.5895 18.1242 4.10966 -1.52273 9.18011 25.4244 28.1991 24.98 11.1297 -22.7865 22.9145 21.9724 -0.912939 -0.253627 4.51412 9.35652 6.0402 0.819181 -1.01289 8.75387 24.1811 31.0238 25.0213 10.4567 -5.49239 5.8567 3.24733
5.96943 -0.370312 9.40975 23.0589 23.6864 13.7158 -16.5717 -19.3627 -16.0763 -9.46969 -1.69696 9.87898 -25.391 25.7546 23.1336 -0.360803 -1.82522 1.02807 6.39294 8.29766 4.16064 -10.3684 -12.3604 -11.8426 -7.19151 -0.0869891 6.93687 -4.54752 4.98181 1.87402
0.444943 0.0970842 4.11385 7.2762 4.7516 0.706648 -0.482313 8.54847 24.7647 29.3385 25.1306 9.36201 -6.2468 6.20196 6.5114 0.366029 0.515508 6.85156 11.2099 7.34888 0.88324 -0.544977 12.029 35.4294 44.3376 35.6684 12.8552 -9.60238 9.58589 9.68918
1.25651 1.48903 3.05905 3.89053 2.45035 1.00251 0.0201223 -0.0556906 -0.158028 -0.205259 -0.178876 -0.0921763 -4.43838 4.49592 4.08069 0.292281 0.448959 1.05765 1.35892 0.849423 0.350919 -0.0482378 0.00151918 0.0721734 0.0685281 0.0797872 0.0670796 -1.27388 1.34092 0.860322
0.235358 -0.180966 -0.511038 -0.753621 -0.342075 -0.0356432 0.0418766 1.04374 2.56281 3.74542 2.5567 0.957755 0.205072 -0.312567 0.452856 0.800122 1.34702 13.2404 20.0812 13.5769 1.74096 0.319669 -8.00079 -19.6668 -20.1361 -19.7586 -8.47992 -18.3042 18.1906 18.9772
-0.548727 0.586749 12.4643 20.8855 15.9241 3.72098 2.11381 -11.4777 -30.0914 -37.1127 -31.3744 -14.9396 -17.252 17.669 14.6761 -2.28358 -1.72384 -1.47261 -0.66454 -0.201068 -0.891355 0.832386 -3.88139 -11.0706 -15.6448 -12.2561 -5.56762 3.41461 -3.20924 -4.67445
-3.72861 -5.02625 -12.7505 -16.8757 -11.6253 -4.3263 13.6158 10.4545 3.34412 -7.07844 -14.9952 -16.0834 17.9429 -18.2989 -15.7405 -0.623887 -1.30049 -3.04879 -3.96669 -2.7569 -1.11736 4.70238 3.95505 1.96773 -1.93342 -4.97326 -5.50074 3.50766 -3.76022 -1.95069
1.28478 4.64162 17.6399 23.7522 14.8314 2.39394 -0.786385 -5.66001 -12.2429 -14.9659 -11.2619 -4.18678 -21.3965 21.7953 18.9277 -1.2136 -0.090827 2.15657 3.14936 1.43666 -0.411274 -0.249608 -0.975645 -2.27683 -3.18616 -1.82504 -0.475459 -0.66003 0.930612 -1.00557
-7.44818 -9.37009 -45.2005 -70.589 -44.8348 -9.24827 1.02222 4.80122 12.0811 15.8793 10.7028 2.87777 64.0099 -64.5063 -60.8805 -4.27453 -5.45457 -20.1503 -33.1228 -20.4175 -5.68388 0.674872 1.74041 4.18001 5.58824 3.15013 0.415626 28.0729 -28.936 -22.7337
6.45902 24.7723 30.0599 13.3363 -9.48868 -11.8618 6.25678 4.52539 2.23618 -1.27403 -6.38466 -8.03412 -17.3561 17.785 14.7093 0.0362935 5.85996 7.87113 0.349187 -6.34352 -4.39699 2.93818 1.42127 -0.834915 -3.47629 -5.35155 -4.59195 -0.152552 0.410246 -1.43169
3.42722 2.55892 0.817736 0.334667 0.379144 2.22512 7.30398 6.28312 2.63634 -0.0192765 -2.75984 -6.39561 -3.26488 3.31422 2.95857 1.00336 0.622402 0.133106 -0.126836 0.073535 0.640094 6.91002 5.5265 2.24053 -0.0226265 -2.30959 -5.62002 -0.621804 0.675726 0.289985
-1.37012 -0.80204 -0.500148 -0.816462 -0.904633 -1.2334 4.34322 3.76079 2.00331 0.345023 -1.5192 -3.68662 1.92103 -1.9396 -1.80484 -1.15864 -0.814358 -0.387061 -0.440111 -0.392339 -0.799326 3.22169 2.81128 1.4923 0.337453 -0.923336 -2.60142 1.31974 -1.3415 -1.18426
0.963293 1.69588 22.5173 35.0072 22.3127 1.56403 -0.0320192 -10.6428 -26.5223 -26.9042 -26.5913 -10.662 -30.4606 30.1961 32.0367 0.132978 1.003 18.2222 32.6698 17.9826 0.981994 -0.129685 -15.0848 -43.3951 -54.1679 -43.2798 -14.8452 -23.7899 24.0961 21.8738
3.3712 1.77168 3.45093 6.13156 7.67741 6.34221 -13.4451 -23.8707 -31.3426 -24.6584 -10.5243 3.79577 -8.97248 9.30981 6.89598 -0.302424 -1.50921 -2.50918 -1.34577 1.2787 1.6381 -4.9153 -8.36168 -11.1257 -8.35182 -2.06223 2.34734 1.48137 -1.35763 -2.24056
6.74363 -4.7331 -4.00765 8.66154 18.8854 17.5857 13.9656 20.7274 24.4167 17.929 6.58049 -6.46309 -13.7367 14.1675 11.0818 -0.349096 -4.215 -6.51323 -2.38076 4.14041 4.46242 7.4068 11.0069 13.8218 10.786 3.56752 -3.55998 2.55828 -2.34964 -3.83778
0.914317 1.27996 8.60964 13.7636 10.2417 3.01386 -0.337216 4.90608 11.5984 14.1329 11.6701 5.3358 -12.5923 12.8076 11.2584 -0.41 -0.0841498 1.21767 2.47702 1.83554 0.384599 -0.100932 1.57638 4.16795 5.63404 4.25611 1.76366 -1.22467 1.39499 0.17581
0.173089 0.553129 4.99183 9.41074 5.09576 0.988149 0.158028 4.50778 12.4175 15.9742 12.2224 4.23256 -6.44218 6.73839 4.61828 -1.93974 -2.62703 -20.9374 -31.055 -20.0264 -1.91973 -0.242656 -5.58893 -12.555 -10.982 -12.7278 -5.30008 28.772 -28.4472 -30.722
-4.17509 -12.8012 -15.9669 -8.24807 2.64402 4.36845 9.37249 9.50403 9.01977 8.44046 4.96685 -5.4464 11.51 -11.6759 -10.481 -3.05191 -8.73826 -11.8207 -6.46306 0.315145 1.33362 11.853 16.3652 18.5407 15.5017 7.98698 -4.75859 9.07099 -9.33754 -7.4263
1.87244 3.71965 3.96634 2.00347 -1.35701 -1.19964 3.76435 3.46736 3.58776 3.98952 2.57929 -2.49434 -3.25893 3.23351 3.41013 1.9727 4.01988 4.42413 2.10108 -0.918237 -0.636427 6.02999 7.06233 7.4119 6.57701 3.21876 -3.19793 -3.60284 3.67751 3.14077
23.5071 13.2575 1.11566 1.06365 2.52291 15.5452 47.9072 39.4177 13.3728 -1.41891 -16.1485 -41.0975 -19.4124 19.5813 18.3478 11.7775 5.57514 -0.217769 -0.535521 0.468809 7.06725 54.2596 41.3951 13.4608 -1.58279 -16.85 -44.2727 -7.58317 7.8215 6.10863
-0.697663 1.10552 -1.78734 -5.17678 -4.71284 -1.62659 1.05962 0.0658935 -1.92236 -0.690268 -1.97857 -1.48479 5.13009 -4.95525 -6.19314 -2.05492 -1.45831 -8.93116 -15.4331 -10.9041 -2.88089 1.27267 -5.40085 -16.1419 -18.9954 -17.3254 -7.6832 14.5854 -14.6107 -14.4104
-8.22323 -4.60898 0.85567 1.07563 -0.0218172 -5.58268 32.1923 24.7699 9.81555 0.0597343 -10.0687 -25.5031 6.12151 -6.02814 -6.68439 -11.1288 -7.14785 -2.41718 -2.60924 -2.67365 -7.55717 13.0404 9.38057 4.09072 0.0122926 -4.20598 -9.69402 11.5613 -11.6327 -11.1082
-1.77903 -1.36858 -2.72389 -4.08278 -3.76352 -2.60866 -15.7959 -13.6828 -6.97411 1.41116 9.19469 14.5715 5.02435 -5.24641 -3.65952 2.98208 1.97077 3.24931 4.95294 3.53736 2.43307 -4.49929 -4.10844 -2.87466 0.639156 3.90914 4.71619 -6.97293 6.93042 7.22771
-49.302 -30.144 -6.1533 -5.37312 -6.86284 -31.9714 -2.17031 -1.16793 -0.0538054 -0.0174764 -0.0673913 1.0869 44.1925 -44.5925 -41.6765 -31.6736 -18.5014 -4.23948 -3.88146 -4.71293 -20.0349 -4.84576 -4.42457 -1.92674 -0.343493 1.36771 4.29577 27.3766 -27.8546 -24.4022
2.22854 1.16905 0.264645 0.318133 0.500485 1.44172 -37.3758 -30.759 -11.8922 -0.889689 10.0586 29.3865 -1.81268 1.88665 1.35641 -1.45213 -1.27621 -0.592563 -0.544481 -0.296421 -1.00439 -33.0486 -26.5165 -10.4125 -0.82365 8.7684 25.4674 1.97306 -1.93205 -2.22214
-0.344936 2.09072 0.676951 -2.36708 -2.38589 -0.58476 -1.53872 8.80917 25.4694 33.6707 27.3744 11.761 2.21116 -1.85726 -4.37359 -3.26557 -2.95879 -11.0136 -17.5111 -12.3336 -3.94343 -1.09408 1.21981 5.71193 9.77967 6.872 3.19142 17.7482 -17.8346 -17.1986
-0.19488 -0.814499 -2.67566 -3.40218 -1.77035 0.0752753 -0.878664 6.80264 20.7003 26.1819 21.5103 8.34345 3.05246 -3.06287 -2.98428 -0.337216 -0.612414 -1.87123 -2.45547 -1.17984 -0.130779 -0.426995 6.54517 18.2661 23.4504 18.7694 7.31792 2.2027 -2.23131 -2.02367
3.02934 -5.89831 -1.12401 12.7991 19.8246 13.478 -2.57494 -1.75678 0.53804 2.40917 2.96315 2.84492 -13.8618 14.1573 12.0359 -0.472165 -1.71377 -1.71127 1.41017 3.9926 2.18862 -0.990458 -0.885094 -0.421731 0.484441 1.06266 1.13259 -0.512246 0.705903 -0.679379
-1.12384 -2.83601 -17.7688 -26.9318 -16.4188 -1.92107 -0.594246 6.49023 19.6961 26.5667 20.6842 7.72142 23.0153 -23.1798 -21.9764 -0.634143 -1.5526 -7.05696 -11.2372 -6.64128 -1.31394 -0.199898 2.85412 8.65719 12.2247 9.07987 3.30538 8.75102 -9.07968 -6.72033
1.31768 3.59177 6.58556 5.61297 1.68397 -0.360301 7.24201 14.2422 21.4136 20.3542 11.5594 0.0874849 -6.19968 6.28177 5.68859 0.926508 1.41165 3.7708 4.69012 2.83058 0.955437 2.35602 4.34936 6.77016 6.09932 2.18822 -0.881563 -4.73801 4.84758 4.05992
-1.83291 -2.39896 -5.05114 -6.8036 -4.82719 -1.92918 -3.25266 -13.4324 -26.9783 -30.36 -20.8748 -6.35407 7.51031 -7.67455 -6.49575 0.193199 -0.0756281 0.695609 1.38851 0.999239 0.142002 -0.960168 -2.96436 -6.46259 -7.85219 -4.20938 -0.689216 -1.58387 1.48914 2.16528
-5.32613 6.74877 0.719677 -18.6266 -29.7257 -20.4398 3.09087 1.58744 -0.745567 -2.85497 -4.25393 -4.15703 21.8773 -22.3467 -18.9757 -1.80924 0.561516 -0.844644 -7.31661 -10.519 -6.09697 1.23989 0.796688 0.0977345 -1.04168 -1.82384 -1.74007 7.78922 -8.14811 -5.57543
-7.34736 -4.14814 -15.9576 -29.5981 -27.1326 -13.5964 -15.748 -18.9359 -20.7025 -13.5705 0.0133928 11.3114 32.3249 -32.9415 -28.5065 -2.28164 -2.12451 -5.29871 -9.60822 -8.7121 -4.38156 -5.67128 -6.43466 -6.71719 -3.93974 1.40304 4.75047 9.5186 -10.0062 -6.51102
-3.87989 -10.2467 -12.8876 -7.67183 2.10319 3.94975 -5.8791 -2.81352 -1.19851 -3.98573 -4.35824 4.18512 10.1037 -10.1148 -10.0246 -3.17002 -10.3101 -14.0781 -7.49624 0.895831 2.31566 -11.8243 -15.3567 -17.181 -15.4323 -8.67264 4.83249 10.2712 -10.5463 -8.57398
4.9649 -1.17061 -2.33686 3.98928 8.9223 8.95842 6.72855 4.24777 -3.55074 -7.97317 -8.19704 -7.12269 -7.8546 7.96908 7.14464 1.67182 0.0431058 -0.452354 1.51918 3.58826 3.33455 3.99271 2.31143 -0.919203 -3.88371 -5.07204 -4.89641 -2.87555 3.01941 1.98895
-1.70327 -2.15985 -7.55169 -10.6053 -5.88603 -0.437227 0.368268 4.75232 10.8016 13.3369 9.40195 3.70313 10.4151 -10.286 -11.1911 -2.51561 -3.68436 -10.8528 -14.9124 -9.02174 -2.21329 -0.399107 -1.42978 -2.46272 -2.05433 -2.61394 -0.889391 14.5713 -14.7552 -13.4251
0.785645 -7.51624 0.88816 20.1835 28.7911 15.3052 20.7121 0.105618 -33.9933 -52.0104 -52.5013 -36.5585 -18.7529 19.2786 15.5084 -2.53647 -4.48395 -3.29698 3.02175 7.31538 2.71773 11.0921 0.305132 -17.2696 -31.4585 -32.5492 -21.5571 0.13343 0.139837 -1.81318
-0.456995 -0.92081 -8.32564 -13.1256 -8.06149 -0.809934 0.498078 -0.578824 -2.44322 -3.40739 -2.85884 -1.47379 11.1091 -11.1232 -11.0073 -0.820775 -1.28079 -5.31161 -8.26706 -5.0923 -1.12496 0.320327 0.0155812 -0.592193 -1.10985 -0.954557 -0.590026 7.11107 -7.27046 -6.12282
1.26558 9.63408 16.5333 12.1016 0.849782 -4.6113 -3.49236 -6.67237 -10.1937 -11.2043 -7.96443 -1.1718 -11.6918 11.9636 10.0136 -0.62742 1.20132 2.93701 1.4458 -0.899481 -1.27778 -0.886843 -1.78056 -2.87451 -3.0455 -1.5919 -0.0441562 -0.365961 0.514693 -0.549499
-1.74638 -4.48852 -4.5846 -1.84648 0.946844 0.966006 -11.8866 -17.1077 -19.0889 -14.7295 -7.01972 4.91817 3.43941 -3.54467 -2.79102 -0.89743 -2.07179 -2.09789 -0.704887 0.406108 0.169539 -10.5779 -15.3564 -17.6315 -14.0055 -6.57216 4.26008 1.60324 -1.66368 -1.23036
0.18699 0.934028 4.75754 6.99448 4.86949 1.1173 0.741336 -2.40866 -6.51062 -8.55427 -7.37274 -3.77655 -6.16163 6.30322 5.28684 -0.554264 -0.298764 -0.150252 -0.0294202 -0.0846095 -0.249803 0.183265 -0.355498 -1.37392 -2.23721 -1.67468 -0.757397 0.795606 -0.720059 -1.25948
0.330614 -0.0629984 -0.269342 -0.478943 -0.113755 0.166759 0.186552 -0.518171 -1.52083 -2.68128 -1.86972 -0.922548 -0.139889 0.0528505 0.672417 0.451672 0.629959 8.34127 12.9499 9.26528 1.72611 -0.548246 5.68274 13.8243 14.1213 13.4866 6.25131 -11.8985 11.8637 12.0971
-1.30056 -1.1869 -5.16192 -8.35875 -6.39062 -2.37554 -0.897479 0.982176 3.76737 5.67822 5.17988 2.83373 8.20928 -8.3595 -7.27847 -0.120279 -0.266681 -1.20327 -2.09158 -1.44894 -0.417591 -0.29234 0.207778 1.1508 1.87872 1.5994 0.804679 1.55356 -1.65231 -0.944036
0.342119 0.672546 0.96528 0.795096 0.147854 -0.071873 0.823739 1.56608 2.53112 2.60571 1.768 0.100815 -0.979858 0.987115 0.934145 0.225731 0.359969 0.716217 0.791868 0.393855 0.108793 0.512484 1.19228 2.10402 2.23811 1.54737 0.236778 -0.859576 0.874305 0.768079
-1.48935 -8.48228 -12.3763 -6.63881 1.54677 3.57775 1.31103 2.70479 3.86842 3.17068 1.41676 -0.184366 7.61 -7.84688 -6.15075 0.00883168 -1.44756 -2.61583 -0.889711 0.991115 0.77453 0.439021 0.772539 1.09998 0.859987 0.258726 -0.194855 0.70537 -0.806995 -0.0794944
4.02707 2.66325 0.338979 0.608306 0.317045 2.69363 -4.43241 -4.42234 -1.46843 -0.0331389 1.47528 4.44015 -4.1585 4.03241 4.92396 16.2305 10.1997 1.38876 1.31142 1.78196 10.558 -24.3227 -21.5372 -7.9855 0.184389 8.21872 21.5389 -14.594 14.5957 14.5639
0.412633 0.0347803 -0.554183 -0.562265 0.0237394 0.584289 -3.78285 -3.1511 -1.30955 0.519347 2.14661 3.5175 0.079685 -0.0633047 -0.179902 -0.141148 -0.172385 -0.236915 -0.257143 -0.0550602 -0.0262467 -2.33772 -1.85114 -0.695382 0.29761 1.18987 2.08703 0.316243 -0.315179 -0.322266
-0.297394 2.41282 -0.300071 -4.99684 -5.51215 -1.97881 1.62868 -11.2457 -31.9289 -42.6047 -34.7894 -14.8102 4.55804 -4.32492 -5.97922 -2.37342 -1.87877 -7.50497 -12.9378 -9.59697 -3.21786 0.628717 -3.26033 -9.86887 -14.8662 -11.1645 -4.67581 12.8629 -12.9711 -12.1839
0.521688 2.67609 5.28055 4.61208 0.557932 -1.84669 -2.73907 -7.70944 -13.4683 -14.6705 -9.72502 -2.4315 -4.36431 4.29707 4.76915 1.07865 2.56364 7.00644 8.08852 4.04381 0.576209 -0.231443 0.367891 0.461784 0.47322 1.85796 1.24341 -7.81716 7.94286 7.03774
-32.112 -18.4584 -2.01171 -2.93533 -4.66942 -21.9499 -39.1172 -30.3128 -10.0083 1.02516 12.1866 32.5076 28.9207 -28.9081 -28.9557 -35.9258 -21.1124 -4.12973 -4.7275 -5.71282 -23.5246 -30.8975 -22.6765 -7.81258 0.0626653 8.26502 23.6816 32.5794 -32.809 -31.1222
-2.93759 1.85385 1.05474 -4.56685 -7.866 -6.6448 -13.92 -6.4792 4.87565 13.7596 19.5886 19.1645 6.5617 -6.61582 -6.22257 -1.93013 -0.34418 -0.829127 -3.42452 -4.56087 -3.44356 -7.88707 -3.74371 2.741 8.52011 11.7477 11.0022 4.67885 -4.79798 -3.94188
-10.6803 -5.55124 -8.5116 -17.5816 -16.9331 -11.6207 22.2829 43.3034 64.7424 61.2104 35.1109 -0.116277 24.4632 -24.6059 -23.5567 -7.17127 -5.8872 -10.3485 -15.9206 -13.445 -8.32576 12.0558 20.3843 29.0978 26.6924 12.4272 -3.1852 19.8155 -20.2858 -16.9059
-1.09502 -1.14267 -11.3148 -16.2465 -10.9158 -0.872369 -0.410278 -0.452286 2.74531 9.25644 2.54894 0.0391668 15.8059 -15.4596 -17.9043 -1.74787 -2.3377 -21.0595 -34.8099 -20.6539 -2.19215 -0.487956 -11.1232 -28.9039 -32.2275 -28.4845 -10.248 28.8181 -28.8906 -28.3297
9.75439 24.1735 19.4381 1.53424 -10.9563 -6.06878 -36.7181 -40.59 -37.6938 -28.6367 -8.44327 22.2792 -11.2504 11.8549 7.5346 1.0903 6.5333 4.37554 -3.7829 -7.27621 -4.11025 -25.283 -28.7433 -25.0834 -15.7283 -1.25181 15.9318 1.80432 -1.63196 -2.86055
0.566978 2.27766 9.25421 12.7686 8.01139 1.31597 -1.30971 -1.10003 -0.534522 0.317917 1.08942 1.39534 -11.3126 11.5277 9.98078 -0.472364 -0.0266921 1.08257 1.70812 0.946423 -0.0119768 -0.513301 -0.461442 -0.250812 0.130157 0.472642 0.567557 -0.566428 0.705347 -0.288924
0.837874 -3.59525 -6.58507 -3.51739 2.80057 4.85869 -8.1656 -4.66894 2.4391 9.53265 12.453 10.6826 2.03858 -1.98104 -2.38841 -0.0709714 -0.945307 -2.20957 -1.77784 0.0241148 0.597069 -2.75425 -1.75539 0.309812 2.89273 4.13242 3.67896 1.40943 -1.44556 -1.18569
1.23267 15.495 20.0865 6.52466 -5.65602 -7.28279 30.7463 45.3971 53.3827 44.836 23.2542 -10.2554 -8.76742 9.32982 5.31346 -1.97357 2.89716 4.22067 -1.57267 -5.06125 -4.33868 21.3906 32.3261 38.6244 30.7512 13.7315 -8.14974 2.65105 -2.50219 -3.56206
-0.643318 -0.98322 -12.4113 -20.7377 -12.1508 -1.02336 -0.464118 -23.0054 -69.4144 -90.8196 -68.5595 -22.0337 16.7209 -16.7458 -16.5419 -0.663202 -0.74624 -7.16145 -13.2082 -7.0488 -0.864823 -0.617988 -17.8017 -53.6525 -71.4993 -52.9395 -16.6585 9.83825 -9.99631 -8.8529
-2.24186 -2.07853 -18.5695 -30.0045 -19.7323 -3.20446 -0.134774 2.27306 4.88579 1.5187 5.32411 2.57816 27.0067 -26.9048 -27.5918 -2.35834 -2.64386 -15.9912 -27.5926 -16.6801 -2.95829 0.151471 10.3915 27.5988 32.1463 27.4615 10.1113 22.9281 -23.2085 -21.1732
-1.71721 10.5201 4.03144 -13.6668 -21.7343 -14.3531 37.8665 41.6754 38.3906 26.6282 3.98819 -24.6181 13.1659 -13.1305 -13.3672 -3.28226 0.610852 -2.144 -9.76108 -11.5116 -7.34968 20.3227 21.3777 18.4451 10.8633 -1.63747 -14.5689 10.9029 -11.1424 -9.41963
-11.2693 -2.06412 -4.60642 -16.8149 -22.8283 -18.8624 11.597 21.3195 30.0752 30.5984 19.6441 1.23273 25.2414 -25.7376 -22.171 -4.26721 -2.33653 -2.95027 -7.06358 -8.96049 -6.69226 4.68845 7.22753 9.84868 9.27623 4.03345 -1.59433 9.71882 -10.1531 -7.0404
-4.83177 1.70535 0.501868 -7.79841 -13.9326 -11.7832 -2.44497 -7.23807 -12.3819 -14.6085 -11.2111 -3.56427 11.626 -11.9524 -9.61299 -0.84853 0.0607647 0.470401 -1.32046 -3.11703 -2.35884 -0.92043 -1.65506 -2.67275 -3.23305 -1.94881 -0.108067 1.83914 -2.00545 -0.814517
2.37753 5.48502 31.806 48.1711 31.4507 5.05757 -0.233488 8.78337 22.3037 27.7592 21.8185 8.8155 -42.5066 42.893 40.0845 -2.24854 -0.256835 6.64488 11.9297 6.70242 0.0175451 -0.273543 1.80462 5.60919 8.02014 5.23145 2.00289 -5.48153 6.1291 1.49416
-1.42945 -1.71299 -12.5392 -20.8251 -12.7907 -1.72652 -0.715953 21.9778 67.9853 89.4316 69.0569 23.4501 17.7103 -17.7589 -17.3842 -1.75077 -1.8217 -10.4251 -17.8657 -10.5928 -1.89223 -0.787235 16.3884 51.7176 70.1902 53.0039 17.972 15.0263 -15.1729 -14.1038
-0.793434 -1.12877 -14.9 -26.0251 -15.6152 -1.69309 0.237458 -12.853 -38.1517 -48.3927 -38.4152 -13.2868 20.671 -20.7965 -19.8697 -0.965883 -1.12015 -8.91442 -16.0117 -9.32456 -1.50028 0.0670598 -11.9252 -35.142 -45.7028 -35.5091 -12.175 12.5258 -12.7283 -11.2635
-1.95027 0.0396704 -1.75182 -5.37221 -6.63826 -4.59383 -1.74386 -2.78418 -3.80028 -3.52894 -1.76322 0.444937 6.54304 -6.71736 -5.46726 -0.112743 0.085055 -0.0519107 -0.779401 -1.15098 -0.676762 -0.550367 -0.699353 -0.866598 -0.726908 -0.118606 0.363932 0.618715 -0.698299 -0.128289
-0.645758 -0.897968 -10.0599 -16.6306 -10.3945 -1.13879 -0.198479 7.36096 21.107 25.1501 21.4408 7.78518 13.9869 -13.9788 -14.0149 -1.0591 -1.3428 -8.68519 -14.5503 -8.79675 -1.25936 -0.187267 10.5371 29.7053 36.7997 29.914 10.8551 12.1982 -12.2867 -11.6361
-1.12561 -1.5296 -2.4627 -2.62086 -1.48245 -0.669557 -0.166476 -0.204423 -0.157761 -0.0731529 -0.0056369 0.0846612 3.27671 -3.33706 -2.90299 -0.339132 -0.46395 -0.806183 -0.866737 -0.441677 -0.248319 -0.111267 -0.0749481 0.0193285 0.0878018 0.130899 0.123477 0.939881 -0.984371 -0.665226
10.0503 8.7646 3.29319 -0.476748 -0.676071 5.60518 18.1748 15.955 9.0795 1.78512 -6.78824 -15.7595 -8.35228 8.64886 6.5261 -1.0865 -0.520612 -1.05204 -2.73953 -2.00468 -1.20287 8.4212 6.82103 3.88956 0.752946 -2.79158 -6.46597 3.4811 -3.37115 -4.15266
-4.19629 -14.6401 -19.0621 -9.69125 1.67901 3.9384 21.6372 32.463 37.0568 27.7979 12.5175 -8.69706 13.5726 -13.9312 -11.3605 -2.59316 -6.79976 -9.52204 -5.25964 -0.440948 0.165981 17.109 26.3078 31.2304 24.2961 11.3699 -6.34713 7.61052 -7.88386 -5.92481
2.2616 5.39191 10.0111 10.1281 3.31534 -1.63052 1.49734 5.35793 9.66213 10.3632 6.2889 1.98856 -10.6437 10.5649 11.1113 1.24406 4.4518 10.8179 11.0903 4.67746 0.0970483 -0.632707 -2.21691 -3.48405 -3.81896 -3.95814 -1.49463 -10.4416 10.7166 8.74249
-0.828654 4.30503 4.92335 0.168706 -4.95187 -5.48306 19.3664 6.59472 -13.159 -28.4901 -36.8679 -30.7002 0.794673 -0.761956 -0.995041 -1.41436 0.623294 0.706138 -2.04524 -4.1083 -3.24025 12.2544 4.11179 -8.67313 -19.3817 -23.8998 -19.4078 3.25263 -3.28005 -3.08083
1.40775 -0.911215 -0.689697 1.59742 1.85546 1.80821 1.21677 1.51469 -1.43713 -0.623409 0.447957 0.0156274 -2.2937 2.13021 3.28922 4.91503 -2.63207 -2.25636 6.1478 10.7506 9.84378 10.2085 5.92131 -6.51012 -10.6128 -9.77955 -9.75875 -9.25673 9.32261 8.84289
-20.0562 -13.385 -20.2221 -32.7942 -30.9885 -23.3229 -21.0832 -33.3248 -43.752 -40.2495 -21.7859 4.62155 46.7026 -47.5365 -41.5347 -9.73907 -7.36682 -9.90808 -15.5034 -15.2464 -11.8362 -10.3433 -15.0308 -18.7153 -16.1716 -6.66927 3.98792 21.5644 -22.3457 -16.7408
0.730337 4.27476 18.2455 25.2704 16.3382 2.67683 -1.2476 8.41431 20.8043 26.196 21.5473 10.3611 -22.1781 22.6556 19.2262 -2.2461 -1.04106 -0.822299 -1.05145 -1.31785 -1.30561 -0.615789 0.471002 2.42763 4.71579 3.22141 1.70693 3.92078 -3.63741 -5.65959
0.190554 0.805965 -0.362463 -2.07782 -2.61122 -1.27098 18.4232 16.7885 10.6545 2.33607 -7.10957 -15.5792 1.48866 -1.61313 -0.726129 3.46591 2.95074 3.87948 4.85202 2.95202 2.21346 5.35302 5.24319 4.39579 0.926551 -3.03557 -4.84572 -7.19698 7.20236 7.15683
-8.91472 -7.98175 -28.2297 -44.3721 -31.4925 -10.8079 -3.9384 10.7645 36.5174 51.5792 42.0404 18.6633 45.3145 -45.6301 -43.3207 -5.86954 -6.11733 -16.8267 -26.317 -18.3435 -7.47605 -1.8717 2.14234 9.5024 16.0659 12.816 6.0837 25.777 -26.5059 -21.2694
1.16787 1.0655 0.871198 1.35831 -0.176792 -0.72938 1.34233 0.0480739 -0.663364 0.310616 1.44402 -1.4555 -1.80698 1.62948 2.88868 3.79565 10.1672 12.4618 7.59496 -1.64137 -3.62467 11.2057 11.8149 12.4293 13.5382 9.44218 -5.07119 -9.87429 9.9727 9.26211
-0.37622 -0.459599 -0.674276 -0.175302 -0.47396 -0.435312 0.592085 -15.2108 -44.958 -57.5144 -45.594 -16.3141 1.03589 -1.00582 -1.21975 -0.397099 -0.398967 -1.42801 -2.07204 -1.52551 -0.553221 0.280925 -12.4564 -36.4718 -47.8544 -37.0891 -13.1013 2.18309 -2.19798 -2.0885
-8.65899 4.64563 2.22765 -13.7401 -24.0004 -20.2464 -19.8148 -6.76545 10.6538 26.0188 35.9395 31.8785 20.3269 -20.5499 -18.9369 -6.13868 -1.32413 -3.36908 -11.5702 -15.5124 -11.5052 -9.71174 -3.69849 4.69369 12.9919 17.5783 15.2714 15.8868 -16.3086 -13.2806
4.50916 7.16292 0.584929 -8.16521 -7.81986 0.252935 -9.32202 -10.342 -10.65 -4.95642 3.69823 8.55444 1.95927 -1.74692 -3.25633 0.845294 1.29733 -0.839835 -3.7721 -3.16878 -0.354582 -3.0646 -3.47394 -3.46312 -1.50148 1.36608 2.7797 1.98742 -2.02186 -1.7732
3.89655 8.1479 8.62559 4.17541 -2.52439 -2.31787 -7.84413 -7.4808 -7.92281 -8.55729 -5.21001 4.9139 -6.99236 7.01653 6.83638 2.41896 5.88443 6.2318 2.17061 -1.68479 -1.03451 -9.79798 -12.0296 -12.43 -10.1944 -4.25245 5.08536 -4.31518 4.48609 3.26219
-1.59329 -1.82466 -17.6298 -29.0332 -18.8506 -2.83657 1.47087 -2.65692 -9.9496 -13.0112 -12.0423 -5.68525 25.2808 -25.2684 -25.3206 -2.30044 -2.93471 -13.4588 -21.8309 -14.0882 -3.52409 0.645875 -3.08764 -9.45484 -12.7136 -10.5733 -4.45033 19.0703 -19.4486 -16.7229
-2.45747 -8.26536 -14.9791 -12.9052 -3.84711 1.38697 -8.57471 -6.80557 -1.54776 5.66047 10.0061 9.89186 13.549 -13.8229 -11.8547 -0.501199 -1.8564 -3.76214 -3.26351 -0.945551 -0.02845 -2.89953 -2.42938 -0.849536 1.75731 3.41888 3.39934 2.89976 -3.08683 -1.74591
9.1488 -10.2881 -8.568 14.2693 30.8093 26.9359 5.62407 0.614823 -9.21229 -12.903 -10.8749 -7.45411 -20.3815 20.8603 17.4258 0.320718 -4.35325 -6.66539 -0.396603 7.90874 6.90079 1.60492 -0.495664 -3.4212 -5.70556 -5.43608 -3.4318 0.00466331 0.327791 -2.0471
-13.8051 -17.65 -34.3233 -41.9209 -27.7584 -12.1015 -30.8662 -25.8458 -11.8759 6.88144 23.0213 31.1426 49.006 -49.8658 -43.6762 -6.41259 -8.04262 -14.9446 -18.8425 -12.9731 -6.69286 -14.677 -12.8839 -7.08051 2.44024 10.6545 14.4431 20.9776 -21.7515 -16.1994
-11.9345 -12.3265 -25.7968 -35.5829 -27.1581 -13.8848 -5.87697 1.36078 11.4741 19.7396 19.8554 12.855 41.4835 -42.3996 -35.8193 -2.69618 -3.55303 -5.87712 -7.72101 -6.2842 -3.83844 -1.5414 -0.488146 1.66103 4.53701 4.61446 2.85496 8.18835 -8.78769 -4.49469
2.34995 1.39501 1.94105 3.02872 1.84388 1.15624 0.0643879 0.183982 0.434474 0.37356 0.213078 0.0441859 -4.6983 4.52102 5.7759 5.49185 5.1709 11.3378 15.9056 10.7516 4.69156 -0.743005 -0.214568 0.492458 0.582078 0.591595 0.793658 -18.5339 18.6316 17.9143
1.26556 0.923178 12.6972 19.7783 13.8564 2.1611 -0.48516 5.36285 13.8586 12.6815 13.4106 5.91631 -18.6198 18.3886 20.0094 0.459949 0.833236 14.1824 25.6897 15.8115 1.95983 -0.736227 12.399 34.9135 41.8415 35.3324 13.5958 -19.7713 20.0308 18.1501
-0.687529 -1.39775 -3.06495 -3.42532 -2.25538 -1.04558 2.66715 7.11522 12.094 12.7101 8.14904 1.74173 3.57494 -3.76057 -2.4348 1.20368 2.4484 5.38702 6.30642 3.19399 0.129681 -0.834362 -0.701242 0.352181 -0.0969547 -1.79595 -0.426309 -6.69032 6.68315 6.72906
-5.5698 -19.4021 -32.7264 -24.7548 -2.82709 6.49879 7.04165 21.3842 38.004 33.1561 15.9544 2.37433 26.9697 -27.2127 -25.4496 -2.99464 -9.10837 -19.8297 -16.1878 -4.31179 0.0584233 1.4465 5.03742 10.4766 9.14009 3.39473 0.293955 16.5157 -17.0348 -13.3093
-16.7116 7.75527 1.94033 -29.4982 -54.1944 -45.3934 2.52087 1.62029 0.439778 -0.343567 -1.10565 -2.30807 44.2051 -45.305 -37.4167 -7.75374 -0.367738 -2.51299 -15.0228 -24.1817 -18.553 0.56282 0.397576 0.103874 -0.460506 -0.7182 -0.755163 20.9704 -21.8073 -15.8093
3.1195 10.546 13.0828 7.63572 -0.48491 -2.9411 -16.454 -4.97138 13.8878 28.5503 35.1531 27.3276 -9.76118 10.0965 7.69606 -1.3004 2.34862 2.37853 -2.2313 -5.13004 -3.78474 -8.8858 -2.57987 7.59884 17.211 20.3054 15.1602 3.29836 -3.16036 -4.14329
0.191686 -5.61186 -6.18594 0.362906 6.15565 5.22621 11.4679 3.18601 -10.7235 -20.7872 -22.8055 -17.6433 -0.385828 0.275549 1.05874 1.9687 0.0583984 2.50801 7.29619 7.34851 3.6474 3.79904 2.12946 -1.31805 -6.13731 -7.64253 -5.87592 -7.97805 8.01262 7.75804
1.28689 5.02353 28.6253 43.5333 28.6552 4.92532 2.9327 -1.29395 -8.57244 -12.4625 -10.8496 -6.44942 -37.2168 37.8864 33.0689 -3.34138 -1.53245 0.289608 1.56995 0.126868 -1.69452 1.71979 0.964845 -0.718123 -2.83102 -2.90476 -2.40556 3.53925 -3.06939 -6.42528
0.126081 0.209692 0.980595 1.45816 1.01861 0.282294 -0.0550104 0.688736 1.69078 1.94355 1.65891 0.740981 -1.34621 1.37272 1.18217 -0.391533 -0.357547 -0.965593 -1.26466 -0.828005 -0.226925 -0.0235949 -0.0709434 0.0195657 0.339364 0.023082 -0.0393065 1.53645 -1.50578 -1.72259
-25.0351 -15.4239 -3.57919 -3.4008 -5.05273 -17.5078 -13.5613 -9.78265 -3.3551 0.112007 3.82374 10.605 23.5305 -23.8425 -21.5858 -11.8477 -7.29646 -2.14392 -1.66013 -2.30053 -7.86611 -8.15691 -6.15017 -2.2633 0.0521064 2.42397 6.40242 10.499 -10.7996 -8.63801
8.2108 -3.64956 -8.70492 1.29294 14.6733 17.6406 17.1579 12.8491 -1.56087 -13.7696 -17.9849 -17.7002 -9.05319 9.45443 6.58738 0.772362 -1.95334 -4.53804 -2.78993 2.31831 3.69182 8.55774 6.29518 1.63197 -4.30862 -8.24072 -9.48228 1.40839 -1.28035 -2.19372
0.585581 1.62722 7.53072 11.2189 7.62641 2.16369 -0.122016 -4.43502 -10.5865 -13.4009 -10.3396 -4.18453 -9.68294 10.0229 7.58889 -2.9218 -2.55221 -9.93788 -14.3676 -9.74775 -2.47462 0.0731824 3.36817 7.40843 6.54123 7.46691 3.26382 15.557 -15.3651 -16.716
-3.28923 -9.90834 -16.5806 -13.3989 -2.32981 2.92251 -8.54779 -28.7617 -55.2038 -53.0455 -29.7672 -6.26967 14.7244 -14.8178 -14.1354 -1.87904 -5.09611 -11.0175 -9.24593 -2.5995 -0.183323 -2.4514 -8.42492 -17.991 -17.6262 -8.06937 -1.15952 9.5057 -9.79504 -7.71814
-0.547167 -5.84952 1.56926 12.6648 16.0588 8.4231 4.46089 -3.65591 -13.5459 -17.3362 -15.1882 -10.0418 -10.522 10.7758 8.95472 -1.25419 -1.90364 -1.07316 1.60607 2.8611 0.814276 1.12075 -0.192529 -2.17413 -3.99596 -3.61176 -2.32327 0.152607 -0.0276153 -0.921742
-1.44432 -3.76193 -15.6799 -22.0439 -13.5265 -2.17056 0.645637 -5.36503 -15.5054 -20.7509 -15.7667 -6.39431 19.6168 -19.916 -17.7584 -0.0641194 -0.717515 -3.36676 -5.18177 -2.84464 -0.463905 0.0962489 -0.877887 -3.04491 -4.9292 -3.32951 -1.15391 3.47012 -3.71299 -1.97178
-5.17279 -20.7471 -28.1468 -15.1954 3.19657 7.37891 4.23794 2.90668 -0.555468 -4.32272 -5.9296 -5.24786 19.0779 -19.5472 -16.1811 -1.78398 -6.30812 -10.2817 -6.1153 0.210349 1.03365 1.50337 1.18306 0.248403 -1.10446 -1.76379 -1.77144 6.96533 -7.28408 -4.99934
4.7333 -3.52183 -0.738522 9.42661 13.0625 10.2584 -9.80739 -4.91444 9.54405 12.4938 10.9327 9.79278 -11.9121 11.8529 12.2586 2.98419 -2.53368 -1.03425 7.24525 12.1154 9.04713 -12.2987 -4.22201 10.3857 18.2452 19.2921 16.3956 -8.77496 9.06536 6.98403
8.1965 21.2791 21.1512 5.20793 -9.79558 -6.36773 -16.8693 -17.5621 -18.2507 -13.8566 -0.97922 12.9268 -12.4404 12.9036 9.59041 0.469629 4.52387 4.6953 -1.25777 -4.85964 -2.75423 -6.24909 -6.68674 -5.74309 -1.94339 3.33342 5.70117 0.434125 -0.255508 -1.53129
-0.508852 -0.376959 0.0416806 0.124137 0.620277 0.240357 -0.197771 0.154176 0.344558 -0.396591 -0.904564 0.322239 0.23101 -0.144874 -0.757324 -4.90047 -5.34697 -3.82 -2.42491 0.0522223 -1.40495 -7.52077 -7.18378 -4.97746 -3.71251 -0.983377 5.54411 6.36859 -6.35273 -6.45847
4.99868 15.4458 24.5679 19.7318 2.26121 -6.09778 -7.43691 -6.9913 -6.68334 -8.65766 -8.16277 2.73115 -21.3516 21.3972 21.0466 1.47467 6.98858 15.4414 12.6081 2.65036 -1.23891 -4.30964 -8.24332 -12.1656 -11.6519 -6.55868 0.154574 -11.715 12.1582 8.98031
4.51002 -7.1524 -13.8478 -7.43925 8.0321 15.168 -39.0588 -24.5307 4.23281 26.5918 39.3536 43.8033 1.61164 -1.2254 -3.97489 -2.03445 -4.42606 -8.05307 -7.90673 -2.09454 0.683464 -22.0579 -14.6013 -1.52474 11.0357 19.9897 24.4984 8.21562 -8.27646 -7.83299
0.065367 0.151582 0.465903 0.612228 0.323702 -0.0204576 -1.34813 2.42373 9.31405 11.9629 10.5981 4.8833 -0.576387 0.571839 0.603378 0.0828371 0.126431 0.580431 0.890006 0.604666 0.166973 -1.23161 3.26101 10.7272 13.9283 11.942 5.50127 -0.803682 0.821303 0.694766
17.3026 10.041 0.431338 -1.73878 1.28951 12.1248 45.8555 36.492 14.8799 -1.55518 -18.5499 -40.0243 -11.9867 12.5254 8.6686 -3.73523 -3.06248 -3.26535 -5.10601 -3.36618 -3.00682 23.2704 17.202 7.82052 -0.216019 -8.78027 -18.8967 8.15763 -8.02304 -8.97526
0.126903 -0.113799 -0.635988 -1.03785 -0.648787 -0.0841589 -0.181685 0.345152 1.16581 1.86909 1.45912 0.711783 0.626752 -0.691311 -0.230733 0.443797 0.523052 6.22238 9.31207 6.79823 1.32634 0.412072 -3.58872 -8.60872 -8.38702 -8.30452 -4.00081 -8.92867 8.86196 9.32647
-1.21007 -2.18286 -25.8012 -42.1498 -25.8091 -2.29352 -0.219583 -7.91744 -19.3588 -18.7796 -19.4964 -7.62569 34.9348 -34.9246 -34.9436 -1.0916 -1.66767 -17.4722 -31.2656 -17.3339 -1.61836 -0.261213 -13.0559 -36.8588 -45.0678 -36.4356 -12.507 23.5826 -23.8886 -21.6678
0.881335 1.75958 24.3906 39.3008 24.6078 1.98618 -0.0934324 14.7288 38.8096 42.8774 38.8442 14.853 -32.9792 32.8837 33.5153 -0.244572 0.482509 12.4251 24.0045 12.7709 0.577671 -0.144404 16.1755 47.2475 60.2529 47.3997 16.4226 -16.1174 16.507 13.7017
3.33242 2.31604 0.404564 0.225147 0.43763 2.2363 -8.13759 -7.06108 -2.61019 0.234039 2.89877 7.02847 -3.09348 3.11141 2.97965 2.04485 1.28815 0.144808 -0.126498 0.194766 1.27535 -10.507 -8.5604 -3.22667 0.217777 3.53583 8.63087 -1.47687 1.53667 1.10799
1.84707 2.66166 12.2647 18.4521 14.1979 4.78065 11.5439 10.1258 5.51033 1.25776 -3.71073 -9.67469 -17.8712 18.2388 15.5986 -1.64675 -0.76358 1.19217 2.34806 1.88286 -0.173062 5.55793 5.2336 3.60549 0.40211 -3.16401 -5.32935 0.0342526 0.219772 -1.59657
4.63512 15.8027 21.7369 13.8846 -1.67575 -6.55486 15.5395 17.8562 20.7256 22.5034 16.5513 -5.6632 -16.387 16.5464 15.3932 1.26759 9.1876 14.7291 7.75331 -1.74204 -3.67909 15.5637 23.5285 29.8868 27.2807 15.2807 -4.35789 -8.29233 8.67987 5.90595
1.06489 3.01612 11.9257 15.6749 8.67956 0.487619 -2.48628 -12.9349 -26.2465 -30.6181 -23.4147 -8.28321 -14.2112 14.2511 13.9465 1.16463 1.95842 9.25515 13.8163 8.74142 2.06975 -1.23976 -3.12632 -6.12864 -8.0465 -4.49322 -0.714673 -12.1351 12.3852 10.5855
0.0245765 -0.241616 -0.585275 -0.575045 -0.252319 -0.0140837 -0.106306 -0.519794 -0.957404 -1.17225 -0.787133 -0.316168 0.438415 -0.480967 -0.177475 0.794671 1.31929 3.8683 5.00384 2.91608 0.203518 0.797858 2.30427 4.33492 4.57597 4.49561 1.22937 -5.14088 5.09569 5.41139
3.43093 1.61544 0.0485224 0.497224 1.09752 2.77303 29.6646 22.6588 6.62989 -2.23126 -10.7864 -25.1881 -3.14031 3.18969 2.83273 1.75486 0.77983 -0.0614195 0.102974 0.517288 1.35743 29.3609 22.5159 7.28643 -1.52038 -10.1494 -24.3936 -1.3752 1.42732 1.05361
-1.64386 -2.89025 -5.64901 -5.95994 -2.78687 -0.548442 -1.15718 5.20337 14.2949 18.9524 15.2748 7.17603 6.51265 -6.61645 -5.86879 -0.371978 -0.727184 -1.71326 -1.99922 -0.945653 -0.279528 -0.366904 0.665522 2.77781 4.4491 3.29092 1.40711 1.78136 -1.86751 -1.24937
-0.278714 -0.825892 0.577804 2.32011 1.88792 0.48367 -0.0803487 -9.65441 -26.2564 -32.2348 -25.8464 -9.32619 -1.43289 1.43709 1.40428 -0.102669 -0.259853 0.37043 1.25755 1.01986 0.22404 -0.224463 -8.53795 -22.4479 -28.2459 -22.0528 -8.04557 -0.808986 0.831117 0.672389
-4.3489 -3.72951 -1.36158 -0.600567 -0.362261 -2.25242 -18.0725 -15.9374 -7.11735 -1.72749 3.78977 13.7982 4.17574 -4.25461 -3.68664 -2.14325 -1.78179 -0.566353 -0.129218 0.0433804 -0.961552 -19.9894 -17.0768 -7.25238 -1.22805 4.77509 15.2745 1.79309 -1.83016 -1.56234
-1.79091 9.68402 8.66094 -4.97505 -17.0162 -14.2701 11.335 4.76795 -4.89887 -14.0729 -19.7722 -17.4189 6.57316 -6.68722 -5.86743 -1.32667 2.16353 2.06604 -3.72002 -8.0298 -5.52409 5.00189 2.44918 -1.44599 -6.03558 -8.53574 -7.53913 4.57626 -4.70789 -3.76294
-12.2189 -6.8081 -1.65271 -2.39176 -2.53981 -8.19536 82.6789 62.3048 20.0375 -1.95105 -24.2946 -65.7414 11.7451 -11.7767 -11.533 -16.7102 -10.3996 -3.17889 -4.11969 -4.01142 -11.7008 64.1938 46.7374 15.2493 -1.35025 -18.573 -50.2194 17.5861 -17.5916 -17.5269
0.15811 -0.135812 -0.440029 -1.50162 -0.25754 -0.0180545 0.078778 6.88518 18.4403 21.4773 18.3668 6.72114 0.196511 -0.36639 0.844247 1.11261 2.09663 23.7474 35.8096 23.4742 1.88887 -0.118682 1.83491 8.09804 13.4245 7.8177 1.94491 -32.1449 31.8153 34.118
-5.0596 0.463854 -4.72875 -15.5068 -19.1264 -12.4675 -3.90337 1.08893 7.40725 13.5261 14.9446 9.78285 18.3801 -18.8212 -15.6565 -0.824059 -0.180028 -0.567634 -3.06324 -4.47493 -2.67573 -1.06954 -0.443791 0.766911 2.72063 3.19324 2.11283 3.11072 -3.37103 -1.50657
-4.10767 -9.705 -23.5236 -27.0052 -13.744 -1.14618 33.8132 30.2395 15.3248 -5.58216 -23.3255 -32.5421 26.7932 -27.1183 -24.7672 -2.52858 -5.02938 -10.7985 -12.3824 -6.4572 -1.69117 15.1314 13.4713 7.80232 -1.66807 -10.165 -14.6855 12.07 -12.4989 -9.42152
-2.09585 7.8563 19.1167 12.1759 -1.02169 -5.87999 -14.3797 -32.5674 -53.352 -52.1415 -31.6343 -3.53502 -8.95148 9.42119 6.06143 -2.43854 -1.43023 -0.641284 -2.55206 -3.50582 -2.4794 -4.6293 -11.4215 -21.0973 -19.9653 -9.06992 -0.304346 4.81884 -4.78804 -5.00611
0.925457 -0.452232 -0.699643 0.679872 1.99581 2.06861 2.56731 1.22011 -1.31905 -3.21745 -3.839 -3.34997 -1.45612 1.49638 1.20792 0.109747 -0.13157 -0.230459 0.0910269 0.49912 0.426538 1.08291 0.605893 -0.277381 -1.14527 -1.47644 -1.36681 -0.18049 0.203139 0.041178
-3.05096 -6.49277 -21.4054 -28.9152 -17.2948 -3.35257 -1.64814 -1.27022 -0.2631 1.24685 2.21746 2.01264 26.6388 -27.1326 -23.5783 -0.474268 -1.4727 -4.92699 -6.85759 -3.71387 -0.868898 -0.53448 -0.106187 0.695881 1.49455 1.71077 1.05415 5.15757 -5.47966 -3.17026
-0.162578 0.319852 9.06244 17.3065 8.79188 0.0941176 -0.23817 -24.0697 -72.0233 -92.8995 -71.341 -23.4935 -11.5742 11.8055 10.1362 -0.408858 -0.113318 1.79814 3.79648 1.46552 -0.372928 -0.267837 -18.0917 -55.5913 -74.4842 -55.0944 -17.5489 -1.81086 1.90084 1.25498
3.30385 -9.35747 -2.02586 16.8102 25.7648 17.5721 -9.80273 0.448512 16.6004 23.4624 21.2872 15.3801 -17.2481 17.5778 15.2083 -0.907373 -3.37366 -2.73439 2.88811 6.9071 3.72252 -3.16639 -0.77632 3.08244 7.05438 7.33644 5.31246 -1.26082 1.51879 -0.326449
-1.00623 -1.62281 -0.946097 -0.749337 0.416481 0.752342 -20.3962 -33.3441 -40.1716 -30.3584 -13.9814 7.07214 1.26035 -1.22599 -1.47012 -0.732079 -1.59923 -1.86151 -1.12051 -0.163863 0.0486301 -15.7085 -25.0948 -30.9215 -24.1694 -11.166 5.63742 1.79191 -1.82713 -1.57403
-0.113062 -0.194437 -1.75113 -2.92358 -1.6436 -0.116258 0.0346568 -1.48124 -4.5323 -6.14011 -4.57171 -1.54983 2.31858 -2.33093 -2.23926 -0.0908732 -0.153212 -1.08801 -1.85285 -1.02558 -0.1098 0.0091946 -1.0651 -3.15376 -4.19509 -3.15232 -1.07771 1.43313 -1.45532 -1.29462
2.57696 -3.16725 -3.00399 3.53769 8.86265 7.94649 -6.82877 -10.4495 -12.5826 -8.50105 -1.94133 3.60585 -5.49168 5.61391 4.7366 0.412296 -0.996866 -1.31957 0.835788 2.84803 2.15679 -2.47148 -3.63685 -4.63313 -3.38148 -0.569579 1.55195 -1.03578 1.12619 0.479209
1.96159 3.79652 16.7324 24.7534 16.4291 3.7349 -2.51719 -0.209773 3.4968 5.44305 5.17411 3.96428 -22.4944 22.8664 20.1874 -0.833274 0.000491481 2.4993 4.25207 2.71403 0.284695 -1.26046 -0.764469 0.366482 1.5403 1.79087 1.61865 -1.96757 2.25613 0.19016
3.06811 19.3271 35.7141 26.8807 3.08684 -7.92919 -12.2041 -20.7808 -29.816 -31.1464 -21.8539 -0.539862 -26.5023 27.0287 23.2474 -1.5117 3.04909 9.18863 5.08234 -1.65624 -2.74388 -3.95308 -9.38617 -16.4241 -15.5199 -7.31305 -0.247315 -2.39864 2.80099 -0.0784397
-0.113837 0.715746 8.839 14.5091 8.66609 0.690049 -0.017572 15.9197 43.3186 53.2484 42.9002 15.7154 -11.1567 11.3056 10.2272 -0.668164 -0.160268 2.99771 5.7052 3.1412 -0.1284 0.196065 12.3605 34.0014 44.0148 33.8884 12.0327 -3.31287 3.44856 2.47482
0.467488 1.36681 4.66359 6.26037 3.9719 0.986409 0.333273 2.74794 6.05873 7.39919 5.51709 2.12659 -5.63654 5.81705 4.5243 -1.6131 -2.03714 -7.76501 -10.4805 -6.69011 -0.984913 -0.616052 -3.47469 -7.14439 -6.8847 -7.42199 -2.70597 10.9979 -10.8467 -11.9115
19.1595 10.1958 1.50884 3.14398 6.94483 16.8128 -33.0179 -26.434 -8.21242 5.09347 16.929 30.567 -19.215 19.5516 17.1295 0.588663 -0.485077 -1.02971 -1.61214 0.143578 1.29967 -19.2474 -13.7481 -5.06528 1.95786 8.81531 16.6993 1.4504 -1.17837 -3.11957
2.81806 4.1496 4.41833 4.05129 -0.553966 -2.0223 -3.31264 -1.08173 -0.0876234 -2.1564 -3.72459 2.77464 -5.35623 5.096 6.93923 3.68416 12.7495 16.9754 9.94127 -1.57839 -4.39677 -14.5525 -17.0744 -18.4447 -18.8201 -12.471 5.70398 -12.3668 12.6241 10.7791
-0.248075 0.265705 -1.49791 -2.30156 -1.71198 -0.161851 0.00526448 1.18118 2.21439 0.0789679 2.0659 1.10652 2.55622 -2.38651 -3.59121 -1.92877 -2.02842 -15.369 -23.7221 -15.7754 -2.27296 -0.293874 7.20129 19.8424 22.8663 19.8612 7.62174 22.1427 -21.9569 -23.2504
-3.41342 -0.416527 6.36345 8.55249 2.4631 -2.94336 3.10664 27.2699 65.2632 80.7183 61.4688 21.2289 -2.62379 2.93124 0.734457 -4.18208 -3.39709 -7.48116 -11.2194 -9.11051 -4.40537 1.7788 10.3901 25.0704 33.62 22.7091 6.91298 13.9127 -13.9624 -13.5927
-3.87691 -4.33594 -17.8452 -26.8665 -16.9003 -3.15772 -0.531209 -22.0762 -61.5138 -79.6948 -59.3869 -20.4102 25.8309 -25.7692 -26.1703 -4.42185 -5.42745 -21.08 -32.2392 -20.1481 -4.87746 -0.286892 -7.92086 -23.2898 -33.7067 -22.5238 -7.21913 29.7388 -30.0944 -27.5163
-1.692 -0.917109 -5.88639 -9.74396 -6.41903 -1.27063 -0.751998 -6.70272 -14.9858 -19.2667 -13.6616 -5.13599 9.77199 -9.58027 -10.9319 -3.11453 -3.39303 -11.5795 -17.4912 -11.3471 -3.17159 -0.100153 2.43118 5.78298 5.61681 6.24738 2.71449 17.1193 -17.2692 -16.1775
0.404784 0.236553 0.0366711 0.231546 -0.316752 -0.340335 -0.211112 0.342943 0.560007 0.118238 -0.446279 0.502986 -0.371975 0.279508 0.936038 3.62612 7.28608 7.95662 4.88851 -1.52297 -2.27757 -7.38294 -6.67295 -6.4947 -7.58989 -5.40201 4.33917 -7.16427 7.1399 7.30615
0.41528 0.237662 -0.109099 -0.0924243 -0.073117 0.274673 0.586816 0.538161 0.138795 0.00658595 -0.147532 -0.540012 -0.278716 0.263798 0.369583 3.00064 2.06844 0.489158 0.433127 0.342644 1.94331 3.79373 3.4697 1.43858 0.157872 -1.19771 -3.49422 -3.01374 2.98537 3.18354
-8.20175 -18.3809 -23.0834 -13.6141 1.22007 2.84077 15.6142 0.695322 -22.8526 -37.3667 -37.0614 -26.39 19.6319 -19.9939 -17.39 -3.28661 -6.55558 -9.10722 -5.77524 -0.49346 -0.445979 5.90493 1.55105 -5.89717 -12.6917 -13.2032 -9.56209 7.761 -8.0971 -5.68757
1.16153 5.51562 4.89515 -0.96176 -5.01759 -3.12442 6.80592 9.35917 11.7442 9.84307 3.53299 -3.39962 -0.473378 0.589013 -0.235015 -0.211921 0.475303 0.00905606 -1.73453 -2.04354 -0.868089 2.12515 2.96949 3.61982 2.62424 0.325311 -1.33823 1.5406 -1.54415 -1.51711
-1.89111 2.32736 -8.26936 -20.2504 -18.2201 -7.73916 -40.2357 -45.1264 -38.5421 -20.7315 3.17246 27.8833 18.8752 -18.929 -18.5218 -3.43811 -2.02389 -6.24743 -11.6857 -9.99032 -5.34083 -20.8279 -22.5129 -18.6304 -9.09722 3.55672 15.2479 12.4717 -12.7855 -10.5297
-1.63889 -2.73277 -28.8673 -48.9068 -28.1289 -2.31776 -0.0095484 -16.9651 -49.6384 -61.449 -49.423 -16.8276 38.7907 -38.9921 -37.4952 -1.35075 -1.75241 -15.1191 -27.7255 -14.7641 -1.62876 -0.244393 -16.5807 -49.6724 -64.4779 -49.2967 -16.067 20.5534 -20.907 -18.3505
0.655679 0.37205 2.09962 2.86732 2.01639 0.313657 -0.00726204 0.069078 -0.0482651 -1.63714 -0.0912703 0.0624244 -3.37862 3.24169 4.21173 0.791227 1.58081 16.0592 25.1259 16.0751 1.63013 -0.131192 10.4763 26.6098 28.6541 26.4689 10.6009 -21.7415 21.6893 22.031
-1.46509 -12.6271 -12.3976 0.891805 13.5875 11.4252 -13.3186 0.448039 22.0932 33.0276 30.851 21.9608 0.730462 -0.584202 -1.62607 -1.99082 -5.0121 -7.07498 -3.54356 1.83292 1.49917 -4.87745 -1.08425 5.34432 11.1329 11.3599 8.07042 4.84634 -4.90666 -4.47132
1.36948 -1.15446 -1.29496 1.19288 2.20474 2.28969 -2.5248 -2.00562 1.99973 2.26303 1.62627 1.83713 -1.99135 1.87396 2.70574 4.28415 -2.10919 -2.3516 4.54201 8.72747 8.27476 -9.19427 -5.33876 5.42174 9.55386 9.35115 9.21858 -7.39426 7.4446 7.07783
5.36851 4.01187 2.37322 2.17499 1.95932 3.72751 -17.924 -15.0719 -6.72291 -0.370483 6.19845 15.0924 -6.29266 6.47576 5.16369 -3.50812 -2.40092 -1.10874 -1.55521 -1.09025 -2.35696 -9.85944 -7.66835 -3.51479 -0.214211 3.20621 7.62588 4.58691 -4.50144 -5.10671
-0.744379 -2.33672 -6.60759 -7.97291 -4.64969 -1.00119 -1.35999 -5.17719 -10.0112 -11.2367 -7.53331 -2.25575 7.40218 -7.64357 -5.91499 1.12928 1.86961 4.73196 6.07079 3.73835 0.445838 1.24844 2.50365 3.0817 3.19283 4.21168 1.24505 -6.67653 6.60932 7.08395
-1.94814 -3.70298 -1.78764 -0.451793 2.29735 2.93313 8.723 27.4913 50.6804 48.5177 27.7729 5.79262 1.96762 -1.67865 -3.73585 -2.05646 -5.09739 -10.3023 -9.28694 -3.02431 0.173122 1.57267 7.37461 16.5487 15.9649 7.22328 1.59375 10.0138 -10.1463 -9.19126
-1.22869 3.90702 4.203 -1.34352 -6.97135 -6.5543 -3.17404 -0.522569 2.96935 6.70237 8.44894 6.33629 2.53302 -2.61837 -2.00778 -0.199052 0.712884 1.21354 -0.15437 -1.74423 -1.34337 -1.04252 -0.450841 0.596355 1.92003 2.42696 1.82866 0.378686 -0.417109 -0.142013
-12.7369 -8.18142 -1.33135 -0.403116 -1.5314 -8.56855 -1.66945 -1.05203 -0.163212 0.355815 0.793815 1.42765 10.8946 -11.0726 -9.78864 -6.1522 -3.84517 -0.840163 -0.436883 -0.943498 -4.03485 -0.738609 -0.563179 -0.181587 0.0867345 0.306078 0.616562 5.21949 -5.34849 -4.41977
16.3393 9.54853 0.731902 1.41912 2.57984 11.6259 19.7949 18.2413 6.06208 -1.13721 -7.74515 -18.3063 -15.0476 14.9968 15.3382 13.35 7.02262 0.477078 0.514773 1.56449 8.71138 34.4434 27.5132 9.33867 -0.990577 -11.2205 -28.728 -10.41 10.6029 9.21077
4.15348 9.17956 10.1135 5.27928 -2.47333 -2.79498 9.58814 9.36043 9.67791 10.369 6.64797 -5.64472 -8.16394 8.2013 7.9257 2.43908 6.7207 7.71681 2.96165 -1.97982 -1.56893 11.8664 14.8947 15.8656 13.4728 6.34177 -5.68224 -5.01968 5.22157 3.77589
-15.6707 -10.8011 -24.4753 -40.2725 -35.3797 -20.6777 25.7352 32.1312 33.2163 22.9984 4.05953 -15.5196 49.1016 -49.9063 -44.1086 -7.48743 -6.02279 -11.2061 -18.0414 -15.9219 -10.0111 12.342 14.203 14.2644 8.94286 -0.65068 -8.84884 21.1745 -21.9711 -16.2568
-2.29432 -1.18322 0.826175 0.806703 0.442392 -1.55168 2.34216 2.29711 0.103232 -0.425305 -0.768636 -2.40488 1.39802 -1.29053 -2.05383 -9.74139 -5.84374 -0.807031 -1.11856 -1.56297 -6.66113 14.5349 12.5367 4.08943 -0.842324 -5.47036 -12.9704 9.19686 -9.15947 -9.41358
-0.12708 1.63104 2.27008 0.192621 -1.41517 -1.19583 14.1383 21.234 25.6413 20.9763 10.7398 -5.149 -0.3442 0.38169 0.114238 -0.140912 0.568898 1.15288 0.362898 -0.43883 -0.501938 11.4846 18.3692 23.4727 19.7914 10.2933 -3.45043 -0.279413 0.301874 0.141755
0.31849 7.3295 8.2115 0.688272 -7.46182 -6.99055 3.04234 0.805121 -2.46902 -6.30612 -8.13471 -5.98417 -0.712962 0.71802 0.680646 0.0212029 1.39296 2.12893 0.130331 -2.02617 -1.41949 0.875788 0.527799 -0.175447 -1.42427 -1.94726 -1.49093 -0.0478683 0.056696 -0.00633332
5.58205 -4.76845 -1.6091 10.6142 15.4501 12.51 11.2321 5.85867 -10.6174 -13.3174 -11.0222 -10.3696 -13.5803 13.5086 14.0024 3.03874 -3.04297 -1.21494 8.26303 14.0099 10.1706 13.6666 4.90778 -10.9986 -19.6848 -20.8734 -17.9614 -9.81002 10.1447 7.74613
-2.34057 0.280925 11.809 18.9554 10.7765 -0.287072 -1.09765 -24.9286 -63.9365 -79.6324 -61.6547 -22.5452 -12.0308 12.5227 8.9982 -4.06044 -3.43045 -6.94226 -9.06622 -6.92251 -3.54505 -0.408174 -8.94225 -24.5405 -34.1615 -23.5161 -7.99553 12.3319 -12.2625 -12.7464
-1.44987 3.20533 0.0100193 -8.24095 -12.4386 -7.93104 5.17676 5.25067 4.98286 2.08349 -2.38648 -5.03509 8.71235 -8.93436 -7.34246 0.175322 0.764255 0.629356 -1.19257 -2.41293 -1.19589 1.49965 1.60859 1.54866 0.562059 -0.845182 -1.50479 0.680854 -0.791735 0.00224567
-4.99461 -3.06716 -0.107679 -0.147002 -0.273902 -3.36327 -6.05452 -5.12475 -0.706187 1.05993 2.53422 6.02727 4.49682 -4.41131 -5.01407 -10.2359 -6.73968 -1.71641 -1.57121 -1.4188 -6.33862 -19.0015 -15.9229 -5.4822 0.603701 6.47382 16.4443 9.7981 -9.81439 -9.68424
-5.09667 -3.62108 -5.87973 -8.84282 -7.482 -5.39002 -3.80155 9.33327 27.236 37.9681 33.6986 17.4151 12.2182 -12.3932 -11.1322 -1.67693 -1.41044 -1.5498 -2.37621 -2.48689 -2.14156 -1.10143 1.56948 6.17951 10.3923 8.71475 4.2084 3.30623 -3.511 -2.04413
1.54039 1.28633 11.6081 17.0234 11.7673 1.47717 -0.0477726 0.741916 4.68055 9.6024 4.61133 0.797095 -16.803 16.4815 18.7482 1.31241 2.6568 26.2152 42.54 25.816 2.50933 0.112617 -6.03622 -16.269 -18.164 -16.0656 -6.06678 -35.081 35.2037 34.2776
7.93966 5.16417 0.773563 0.680787 1.18476 5.55575 11.2925 10.198 3.83964 -0.168298 -4.0573 -10.137 -7.50896 7.50724 7.50953 6.43662 3.89936 0.583146 0.207805 0.81269 4.16912 17.6711 14.5708 5.6985 0.0239603 -5.63765 -14.5784 -5.24416 5.35921 4.53097
-35.3191 -21.3817 -3.95757 -3.99229 -5.47487 -23.0268 42.0286 32.7096 11.0071 -0.796038 -12.5051 -33.731 31.9153 -32.1436 -30.4692 -28.3474 -17.004 -4.49275 -4.64224 -5.26884 -18.6315 29.5493 21.3184 6.94752 -0.795088 -8.6246 -22.7616 26.3069 -26.6407 -24.2203
-2.75206 -12.2638 -25.4311 -23.5991 -7.90277 2.86741 -22.235 -18.9504 -6.86995 9.07604 19.7809 22.832 23.1628 -23.5096 -21.0096 -1.37129 -4.26319 -9.46779 -9.68233 -4.04552 -0.411204 -8.80588 -7.97133 -4.20488 2.73149 7.93308 9.21548 8.90709 -9.2691 -6.67223
0.201466 -2.47282 -0.445881 4.22645 5.86141 3.08401 -7.43796 0.742567 12.8335 21.2167 21.6128 14.6437 -3.76674 3.73597 3.94914 1.07222 0.404284 2.88339 5.96178 5.23418 2.1843 -2.36773 -1.12007 1.46151 5.07111 5.68042 4.00892 -5.96229 6.04942 5.42141
3.43454 16.2935 26.9546 20.4549 1.84533 -7.30028 8.3207 12.1737 16.4665 18.2329 13.6668 -0.271797 -20.8335 21.1148 19.087 -0.666177 3.38291 8.76681 5.70257 -0.451594 -1.9597 3.0994 6.27233 9.84359 9.48666 4.77434 -0.0940432 -3.81529 4.16933 1.63491
-0.736781 -1.32601 -0.835068 0.0509986 1.37943 1.01787 11.3285 5.81568 -3.09683 -9.54639 -13.482 -14.1683 0.402472 -0.333764 -0.822787 -1.14035 -0.968139 -1.09261 -1.26814 -0.727194 -0.714524 6.81813 3.99707 -0.890786 -5.08492 -7.66021 -8.25656 2.05637 -2.06572 -1.99657
-1.86697 -2.22887 -25.5279 -43.1856 -26.5866 -3.10378 -0.48346 11.8046 33.8061 40.1297 34.6585 12.8427 35.6636 -35.754 -35.0545 -1.63814 -1.78782 -14.9532 -27.7118 -15.753 -2.23358 -0.168002 14.1649 41.2645 52.4133 41.7646 14.536 21.2188 -21.5592 -19.0967
-0.0139364 1.2705 3.87177 4.52019 2.24902 -0.235075 0.0388296 3.1243 7.11732 8.78342 7.09201 3.09914 -3.86156 3.93255 3.42158 -0.173489 0.095872 0.693539 0.871969 0.350055 -0.0872673 -0.0367224 0.788203 2.17345 2.94287 2.14098 0.844471 -0.41605 0.465959 0.108657
-1.1078 15.458 15.5742 -3.67806 -21.7779 -18.6063 -3.44641 -1.94575 -0.288578 2.45443 5.3466 5.4245 4.91299 -4.93437 -4.77638 -1.69665 2.35981 2.44105 -4.53948 -9.53379 -6.33857 -1.32066 -0.975971 -0.349179 0.90099 1.93988 1.85601 5.63375 -5.76555 -4.81887
-11.8849 -6.95214 -1.34258 -2.2411 -3.19955 -9.00106 16.291 13.9539 3.64668 -1.82344 -6.63328 -14.8364 12.0928 -12.1204 -11.9075 -12.2592 -6.71654 -1.20894 -1.74772 -2.43408 -8.55938 28.8074 22.8755 7.16139 -1.67491 -10.3191 -24.7269 11.1489 -11.2596 -10.4526
1.38334 3.84113 25.7658 39.4485 24.9313 3.50357 -0.523722 -17.1151 -43.4153 -53.2912 -42.5101 -15.9645 -33.5341 33.9018 31.2355 -1.68215 0.0187912 6.16468 10.8266 5.65793 -0.327403 -0.482886 -5.05024 -13.9483 -20.4444 -13.6524 -4.30216 -5.42926 5.90004 2.52853
-5.96368 -7.45536 -39.9954 -62.1625 -39.1568 -6.97384 -0.222715 -9.5014 -27.3597 -36.4975 -26.6836 -8.88791 56.277 -56.4579 -55.0891 -4.65472 -6.11979 -23.9481 -38.5142 -23.7079 -6.02264 -0.409304 -3.18711 -9.23663 -13.4063 -8.82466 -2.48354 33.2899 -34.0753 -28.4226
0.655906 0.565218 4.1599 6.571 4.62748 1.08593 -0.385448 1.32418 3.96143 3.99411 4.0038 1.87184 -6.29087 6.27073 6.406 0.355263 0.616035 3.92039 6.4418 4.35816 1.00003 -0.369375 3.21971 8.42955 10.067 8.6189 3.7863 -5.46008 5.57356 4.75651
7.71786 11.7874 7.25178 0.564935 -3.74989 0.200651 -19.7674 -20.3508 -16.1277 -10.755 -1.35409 13.8911 -7.7639 7.94426 6.64995 4.46152 6.36973 3.57879 -0.202874 -1.98946 0.499962 -21.0532 -21.9837 -15.7405 -8.70766 0.581415 14.1286 -3.92828 4.07745 3.00833
0.174159 -9.10036 -9.07402 1.66664 10.7775 9.08296 2.38684 0.747605 -2.14032 -4.25497 -4.40879 -3.39586 -1.20936 1.21988 1.1433 -0.363343 -1.96819 -2.7781 -0.302785 2.23894 1.43355 0.610184 0.51496 0.19551 -0.460226 -0.70361 -0.690099 0.664242 -0.652861 -0.733567
0.165755 13.4908 27.5645 20.8841 2.75263 -6.68332 13.3828 27.1604 41.5475 42.5669 28.7873 3.31037 -18.6719 19.2156 15.3203 -2.66009 -0.123507 2.83584 -0.177146 -3.15224 -2.78197 4.39499 10.5061 18.4773 17.3693 7.9748 0.266024 3.08218 -2.8667 -4.40641
2.36879 6.37682 7.33511 3.08906 -2.20662 -2.03123 -4.52822 -4.71853 -4.76606 -3.26103 0.120385 3.59246 -4.89392 5.00442 4.21165 0.46907 1.49814 1.97358 0.619692 -0.647697 -0.340483 -1.62494 -1.86066 -1.77709 -0.903349 0.420917 1.28898 -0.959023 1.03579 0.486338
-5.48528 -3.61692 -19.1594 -33.8059 -26.5869 -9.70651 2.49803 -10.7302 -33.4551 -48.2226 -40.1278 -17.0712 33.333 -33.7103 -30.9771 -2.49397 -2.61675 -7.76287 -13.342 -10.412 -4.38023 0.513577 -1.71082 -7.02457 -12.6636 -9.3744 -3.43048 12.4189 -12.9488 -9.14831
7.71223 4.52986 0.170083 0.553229 1.43425 5.51935 -15.5266 -13.2948 -4.22671 1.10779 5.76482 13.5001 -6.95523 6.9702 6.85369 6.0333 3.35516 0.0308397 -0.0538798 0.715185 3.88022 -21.7948 -17.5325 -6.01484 0.77674 7.15291 17.9191 -4.53343 4.63475 3.90522
-25.5019 -15.1024 -3.024 -3.00993 -5.04073 -17.862 13.8964 10.9437 4.79842 1.07036 -3.17241 -10.5409 23.3403 -23.6628 -21.3317 -12.1104 -7.3637 -2.16398 -1.83211 -2.56168 -8.15793 6.35552 4.66363 2.1957 0.621995 -1.38048 -4.65151 10.9129 -11.204 -9.11029
-6.65809 -28.2404 -51.3603 -37.3353 -4.6182 8.23805 0.107851 2.65214 6.20694 4.82548 1.46947 0.606251 39.7742 -40.505 -35.2486 -2.85439 -10.4178 -23.1103 -17.6084 -3.72205 0.521935 -0.265234 -0.300171 0.0115982 -0.122953 -0.414387 -0.0271783 17.5674 -18.2428 -13.3981
-5.03861 -14.4791 -19.6725 -12.3977 -0.418601 2.95777 -12.4136 -20.5981 -24.1759 -16.9448 -5.70756 4.65754 16.0916 -16.4428 -13.9218 -2.02508 -4.97784 -7.83555 -5.54856 -1.20792 -0.210406 -4.73195 -7.30557 -8.62375 -5.57506 -0.576614 2.78511 6.6273 -6.9051 -4.91349
-0.519955 -1.02091 -10.79 -17.9426 -11.1958 -1.36633 -0.0239243 -7.17286 -20.7486 -25.3173 -20.8171 -7.17405 14.7375 -14.8276 -14.1634 -0.606963 -0.971845 -6.18481 -10.6061 -6.16398 -0.948462 0.13089 -8.52904 -23.7755 -29.8871 -23.929 -8.75872 8.34028 -8.50216 -7.33384
0.492785 1.77329 8.57627 12.1438 7.68263 0.97468 -0.902716 -6.73723 -15.2381 -17.2867 -14.675 -5.26434 -10.8285 10.922 10.2415 -0.300399 0.377134 2.9389 4.64188 2.64439 0.22804 -0.626827 -5.8704 -13.7468 -16.8383 -12.9056 -4.64396 -3.05066 3.22143 1.99766
1.93574 17.2092 29.7122 18.4242 -0.114127 -6.79867 -24.2068 -37.6233 -48.4202 -45.3424 -28.4547 4.96214 -19.2851 19.8693 15.685 -1.07323 4.58702 10.3751 5.14169 -1.95646 -3.33429 -17.9358 -31.5632 -44.2249 -38.9973 -20.9025 3.58728 -3.57966 3.90476 1.57867
-5.64522 -4.59695 -11.9522 -18.0606 -13.425 -6.12555 -3.09038 15.7237 46.0093 62.2824 51.0902 22.2127 20.6614 -20.7796 -19.9099 -3.28914 -3.63522 -8.24629 -12.1728 -8.80704 -3.95365 -0.935454 4.59939 14.4777 22.075 16.7427 6.80474 12.749 -13.1179 -10.4685
1.99287 -1.69094 -1.21717 3.34707 6.39038 5.32483 -4.33628 -2.39252 1.92865 5.06804 5.94077 5.24198 -4.70697 4.79162 4.18312 0.38649 -0.293938 -0.253469 0.951949 1.89822 1.37066 -1.73616 -0.959012 0.431756 1.92299 2.6068 2.35009 -1.13783 1.21281 0.675807
-3.63008 -4.94045 -11.7565 -15.7681 -11.6672 -5.11951 -0.268753 -1.11536 -2.48646 -2.98159 -2.08483 -0.593599 16.8832 -17.3871 -13.775 0.173274 -0.204943 -0.150992 -0.106476 -0.135861 -0.219703 -0.198748 -0.489727 -0.942618 -1.16096 -0.803005 -0.151646 -0.529833 0.352818 1.61927
-4.76878 -22.6286 -45.0209 -34.6407 -5.35781 7.38806 -7.02252 -18.0421 -31.6656 -28.3318 -14.2989 -1.06477 35.0346 -35.6017 -31.5158 -2.18759 -8.43526 -20.6555 -16.6153 -3.93625 0.36472 -2.61475 -6.54557 -12.4239 -11.2257 -4.85233 0.0783453 15.885 -16.4718 -12.2606
0.660337 1.51955 24.4466 41.5063 24.2029 1.50364 -0.11625 -19.6127 -55.3842 -66.2862 -55.1657 -19.3216 -32.642 32.7186 32.1207 -0.204861 0.252679 10.3138 20.2096 10.1624 0.300455 -0.144267 -16.7941 -51.1845 -67.607 -50.7751 -16.4419 -13.2108 13.5257 11.2566
-17.4228 -21.8892 -33.5288 -35.1188 -19.8664 -11.0521 26.7185 13.6274 -11.2022 -31.9441 -40.3935 -35.6908 46.1187 -46.9239 -41.1261 -8.32008 -10.5287 -15.9795 -17.1044 -10.1294 -6.27444 14.1591 8.58457 -1.76087 -12.6604 -17.8307 -17.4393 21.2845 -22.0183 -16.7521
-1.43644 -7.02654 -10.5332 -6.24212 0.69273 2.74995 -4.23976 -7.88012 -10.6095 -8.19483 -3.21115 1.18024 7.04865 -7.23601 -5.893 -0.221426 -1.52083 -2.76675 -1.53013 0.361965 0.533004 -1.37131 -2.33029 -3.17082 -2.33807 -0.511181 0.725457 1.42819 -1.52322 -0.84201
2.95349 1.98743 0.0681578 0.495437 0.319376 2.1202 2.16831 2.68201 0.733161 -0.11349 -0.882238 -2.45444 -3.26198 3.1191 4.13148 17.5324 10.3277 0.873664 1.07314 2.05487 11.8649 24.3779 21.6726 7.50206 -1.05089 -9.19883 -22.0351 -15.377 15.3824 15.3224
32.7594 18.2901 2.57234 2.00831 4.04927 20.7485 -3.56402 -2.66522 -0.736795 0.506993 1.665 3.10537 -26.8069 27.2215 24.2273 11.1614 5.90001 0.289497 -0.558388 1.06611 7.32063 -2.23863 -1.44194 -0.28776 0.497646 1.0729 1.86125 -7.49774 7.85272 5.30733
-2.83471 -2.18891 -0.697334 -0.301305 -0.290531 -1.68107 16.1662 14.6489 7.16217 2.34776 -2.83212 -12.1755 2.67309 -2.71268 -2.42673 -1.74033 -1.25157 -0.361001 -0.194462 -0.156095 -0.974613 17.9016 15.6004 7.38713 1.99132 -3.80029 -13.6228 1.55871 -1.57937 -1.42928
-4.69896 3.71344 3.33949 -6.15699 -13.9115 -12.5436 8.76001 13.7272 18.3325 18.2128 10.7994 -1.23506 9.95646 -10.168 -8.64961 -1.32112 0.224535 0.46117 -2.15065 -4.36315 -3.32374 3.38861 4.70009 6.02203 5.50882 2.10662 -1.60873 3.03581 -3.20489 -1.99342
3.64367 12.2358 15.5836 8.39326 -1.83865 -3.85477 -8.43522 -4.18595 2.3839 9.27635 14.0019 12.5871 -11.019 11.3241 9.13818 -0.145935 2.45979 3.5756 0.621056 -2.1706 -1.76907 -4.0238 -2.42248 0.710081 4.46126 6.43416 5.64107 -0.257192 0.418014 -0.731769
-3.35863 -6.34341 -14.1882 -16.3506 -9.43842 -2.58819 5.23082 9.36527 13.1223 10.8518 4.11978 -1.70222 17.1064 -17.4878 -14.7489 -0.400824 -1.17025 -2.86468 -3.21284 -1.64859 -0.5673 1.5744 2.29036 3.15361 2.44034 0.254068 -1.11717 2.60017 -2.81548 -1.27251
4.25255 14.0647 18.586 10.9493 -2.13049 -5.47938 -14.6072 -16.6268 -18.7707 -19.8183 -13.9077 5.93779 -13.7236 13.8796 12.7537 1.30659 8.23053 13.0471 6.45508 -1.49632 -2.80541 -14.9657 -22.7358 -28.3085 -24.8013 -13.4398 4.60082 -7.49709 7.83448 5.4196
0.667225 0.447956 -0.131608 -0.0602224 -0.0484106 0.484105 0.67728 0.79243 0.215194 -0.0282593 -0.241972 -0.746323 -0.623431 0.579238 0.892971 8.52085 5.59193 0.671066 0.393476 0.843607 5.76775 10.4332 9.78079 3.99737 -0.0223367 -4.00143 -9.70974 -7.80365 7.76774 8.01339
-1.14373 4.59234 6.14227 0.964301 -4.66191 -5.50779 -7.17237 -11.2945 -14.7588 -13.8739 -7.70391 1.34018 0.128204 -0.0540187 -0.5826 -0.879119 0.151612 0.430435 -1.0857 -2.0935 -1.60677 -2.6029 -3.80115 -4.71851 -3.89783 -1.19728 1.27517 1.72683 -1.74758 -1.59774
-0.302468 1.18053 8.03046 11.6728 7.35543 0.797939 1.04572 10.8607 24.7518 29.1848 23.3912 8.79749 -9.48167 9.66527 8.34445 -0.869405 -0.472253 0.0995203 0.619928 0.0793784 -0.418151 0.519289 5.80683 14.0745 17.8224 13.1879 4.72097 0.829373 -0.708759 -1.57023
0.578951 0.338661 -0.0532892 -0.0279026 -0.0269728 0.381148 -0.675389 -0.622674 -0.150458 0.0177304 0.166162 0.609078 -0.467072 0.452551 0.555249 3.31233 2.19249 0.389903 0.389526 0.474891 2.28956 -4.11272 -3.76174 -1.42385 0.0683441 1.54458 3.8331 -3.27551 3.24998 3.4274
2.78719 1.01442 7.28979 13.5666 11.2533 4.85477 0.908002 -1.9897 -6.0053 -7.75725 -6.86815 -3.59429 -14.1157 14.1909 13.6369 1.2041 1.13855 4.52037 7.94813 6.35645 2.52942 -0.00055654 -0.756821 -1.83372 -2.76128 -2.20145 -0.927247 -7.38667 7.64344 5.80112
2.88186 -18.4224 -24.4043 -3.65688 18.5816 20.3253 -8.71152 -7.40393 -1.12674 5.69622 8.61355 8.80629 1.62434 -1.63253 -1.57258 -0.0268331 -5.96957 -10.4386 -4.10604 4.76106 5.03788 -3.29633 -3.40971 -2.17229 0.798839 2.84655 3.34738 3.6198 -3.66852 -3.31682
0.583793 0.795498 3.73664 5.52308 3.60535 0.605107 0.135968 -1.3732 -3.5663 -3.85352 -3.83446 -1.67939 -5.30181 5.28118 5.4211 0.433506 0.856323 3.44761 5.20176 3.34995 0.731573 -0.0345515 -2.56874 -6.14685 -7.40198 -6.1786 -2.53541 -4.56621 4.66789 3.9365
0.886501 -8.76961 -8.81384 2.31547 11.7947 10.1344 0.252234 6.18348 13.1614 13.5555 9.01349 3.80035 -2.48218 2.53327 2.16587 -0.0268275 -1.98805 -2.81332 0.236073 3.11563 2.05835 0.236055 1.46498 3.18818 3.61964 2.16699 0.660418 -0.0903478 0.118658 -0.0838214
0.894963 1.26282 13.1285 20.5659 14.1576 2.18558 0.876199 -7.244 -19.5629 -21.0024 -19.8513 -8.62911 -18.6159 18.5473 19.0107 -0.24601 0.631641 8.56602 15.2256 9.19875 1.00958 0.644133 -10.019 -27.8692 -34.8235 -28.5719 -11.1936 -10.9807 11.2807 9.12357
-4.09902 -3.05592 1.99678 5.11093 2.49616 -2.83694 2.54822 -15.7064 -42.3684 -56.3174 -47.0376 -21.2127 0.117102 -0.144797 0.0487989 -1.67896 -1.21975 2.27288 4.66715 2.36948 -1.18913 0.527475 -3.35366 -10.3843 -16.4116 -12.2454 -4.92152 -1.9957 1.95598 2.23678
-7.12688 -5.32514 -1.98568 -2.5143 -2.45475 -5.47574 -72.6121 -54.6197 -17.3526 2.67937 23.0356 59.3905 9.17675 -9.05006 -9.93963 -19.8437 -12.6586 -3.68657 -4.35221 -4.06791 -13.2997 -50.8519 -36.3366 -11.622 1.58837 14.9003 39.3575 20.2669 -20.2925 -20.0809
0.985009 2.71586 23.598 38.9305 24.6236 3.40259 -0.990794 18.9679 51.7773 63.5583 52.82 20.8947 -31.5898 32.0393 28.7906 -2.91854 -1.55148 -0.915742 0.49071 -1.13248 -1.75303 -0.394546 8.50727 24.6867 34.9547 25.1411 9.22755 4.47813 -4.04157 -7.15629
-0.142021 0.330513 13.6954 25.5399 14.126 0.745106 -0.528427 22.9898 68.0627 86.2197 68.8324 23.8728 -18.0902 18.3482 16.4781 -0.839255 -0.506432 2.21631 5.90846 2.27871 -0.57559 0.0147894 18.4935 56.3011 75.3427 57.0637 18.7226 -2.22858 2.42491 1.01904
14.3356 10.2631 1.93373 -0.889825 0.934931 9.41146 0.0645395 0.117379 0.133388 0.028863 -0.0527279 -0.0289808 -11.576 11.8968 9.59665 4.02025 2.81277 -0.0338239 -1.53996 -0.316636 2.68157 -0.318703 -0.165641 0.0415133 0.13167 0.182559 0.280432 -2.02766 2.19628 0.989315
-14.1315 -9.62395 -3.1464 -2.83161 -2.79133 -9.0841 -27.9356 -23.0555 -8.16895 0.400579 8.75039 23.3948 14.1111 -14.2591 -13.1841 -9.47042 -6.36193 -2.27784 -2.00041 -1.6629 -5.65457 -32.1159 -26.0767 -9.78676 -0.106033 9.38832 25.7091 9.08352 -9.22861 -8.17938
-1.45592 -11.0815 -6.97053 8.1369 19.1346 12.6336 16.4032 0.611207 -22.9859 -36.1323 -36.1286 -27.0384 -6.00266 6.33908 3.93405 -2.64089 -4.81844 -5.50633 -1.47315 3.06543 1.30214 6.18415 1.46553 -6.10589 -13.1244 -14.119 -10.4169 3.75555 -3.71533 -3.99967
3.0329 4.72518 33.8352 52.696 35.1279 6.22031 -0.927667 -5.5373 -12.5639 -15.0169 -12.8002 -4.3242 -47.0173 47.2469 45.5494 -1.13721 0.892386 12.7069 22.5706 13.682 1.47435 -0.517002 -2.3999 -6.46045 -8.98963 -6.03667 -1.54118 -14.8413 15.5779 10.2969
0.387415 10.6266 6.7212 -9.02652 -17.4646 -10.5731 -20.4496 -25.5569 -29.2364 -23.5899 -7.08605 11.7104 7.15864 -7.06602 -7.71735 -1.20947 1.23408 0.0612575 -5.29919 -7.18381 -4.06429 -8.04917 -9.67884 -10.2652 -6.90884 0.158308 5.70218 5.2693 -5.41359 -4.37709
-9.52236 -19.669 -27.416 -20.4166 -2.95957 2.04334 -23.5965 -6.73166 20.5951 39.3834 43.1217 34.8146 26.233 -26.587 -24.0312 -5.0138 -8.61623 -12.8437 -11.0263 -3.87524 -1.78577 -10.7471 -5.24443 4.16309 13.6386 16.8158 14.6285 13.4788 -13.9401 -10.6304
1.74168 9.67556 14.3824 8.45685 -2.02272 -5.0165 3.45807 4.65652 5.87551 5.28349 2.28361 -1.56669 -8.92667 9.12705 7.68905 -0.128438 1.49945 2.89307 1.1484 -1.00693 -0.960412 0.919745 1.33365 1.70603 1.2236 0.0971153 -0.614368 -0.714079 0.837505 -0.0457135
3.37604 9.91139 16.7704 14.5224 2.97994 -3.60379 -0.146836 -1.70112 -3.18864 -2.60025 0.675182 0.0103445 -15.5249 15.5173 15.5514 0.889497 5.27429 12.1736 10.5857 2.95368 -0.738237 1.4116 5.14591 9.21077 10.2685 8.56726 2.84539 -9.61692 9.99086 7.31142
-2.15935 -4.85236 -7.94252 -7.09192 -2.76577 -0.274859 5.17945 1.95811 -3.40213 -8.55777 -10.2793 -8.06769 8.15643 -8.35716 -6.91697 -0.0708217 -0.731496 -1.28682 -0.853285 -0.0243063 0.11638 1.44123 0.94892 -0.222213 -1.933 -2.55692 -2.05565 0.586779 -0.688058 0.0371018
0.634078 0.627482 6.47231 9.01052 6.43083 0.522867 -0.146207 -2.54609 -5.54295 -3.88013 -5.54395 -2.33118 -9.22483 8.95612 10.8566 0.542517 1.37139 17.7573 29.4058 17.6171 1.34198 -0.303227 -13.38 -35.5086 -40.5148 -35.2047 -12.8148 -23.6827 23.7462 23.2585
-0.906773 -0.421139 2.9879 5.39851 4.89244 1.4532 -0.948206 6.08762 15.4776 19.5312 15.9882 7.55562 -3.98671 4.20127 2.66789 -1.81797 -1.73951 -3.37729 -4.18714 -2.59196 -1.21951 -0.349015 1.33532 4.12766 6.1063 4.53313 1.9976 5.41772 -5.38996 -5.58307
-0.0910293 0.174775 -0.0747432 -0.413704 0.0585689 0.433884 -0.290779 -1.1697 -1.71955 -1.79934 -0.58644 -0.367801 0.342922 -0.228939 -1.03949 -1.66316 -2.71589 -5.8721 -6.83733 -3.37108 -0.323845 1.6216 3.69421 6.663 7.36541 6.39614 1.26277 7.39788 -7.38415 -7.47325
-0.601288 -1.2187 -2.04471 -1.88163 -0.656737 0.0535715 0.274361 2.44812 5.3105 6.09267 4.52834 1.72013 2.14135 -2.16947 -1.9664 -0.153042 -0.361741 -0.812933 -0.819758 -0.317356 -0.0745005 0.0419025 0.890482 2.2326 2.71161 1.92735 0.699893 0.763385 -0.797682 -0.551717
-12.0139 -7.84437 0.125106 0.42262 0.0962422 -7.63801 -1.26076 -0.588977 -0.0531905 0.30752 0.666796 0.925006 10.3037 -10.0517 -11.8323 -22.5096 -14.0899 -3.49006 -3.67557 -3.98311 -14.7288 2.94957 2.78494 1.25005 0.230716 -0.843255 -2.59701 21.6594 -21.7558 -21.0387
0.245886 0.183032 0.108543 0.133535 0.0969647 0.169005 0.00831652 -0.00275258 -0.011814 -0.00534807 -0.0138794 -0.0135903 -0.300618 0.309288 0.247106 0.0803349 0.0676204 0.0669385 0.080175 0.056591 0.0555401 0.0039676 0.00592211 0.00663627 0.00333019 0.00392214 -0.00108154 -0.133771 0.135892 0.120507
2.11736 -0.986631 1.22284 6.26658 8.10335 5.59274 4.86871 6.36281 6.93741 4.06133 -0.199354 -3.41324 -7.4164 7.54948 6.59236 0.269157 -0.230819 0.237288 1.72116 2.38258 1.35721 1.46859 2.02197 2.45994 1.58754 -0.0623001 -1.11259 -1.56824 1.68382 0.856147
-1.35959 -1.99206 -0.0731935 1.89944 1.24499 -1.05039 0.061298 14.6135 36.6751 45.7419 35.5742 14.0567 -0.077665 -0.0964646 1.14127 0.329054 0.566375 6.55425 11.1417 7.40306 1.042 0.0514215 3.29759 9.44487 13.8422 9.12033 3.11693 -9.49026 9.51692 9.31661
-0.71532 -8.7402 -13.2933 -8.03217 6.01973 10.1794 44.1882 23.2956 -9.63474 -34.1361 -49.9649 -54.5952 6.17078 -5.88331 -7.92362 -3.73782 -5.90237 -8.59953 -7.89544 -2.05374 -0.316394 25.4376 14.6253 -1.98467 -16.7571 -26.976 -30.6085 9.65375 -9.7659 -8.9538
-2.0599 -3.6863 6.93771 18.2494 17.4426 5.38325 -5.77213 12.9693 38.7219 50.6409 43.6129 22.9588 -13.5028 13.8972 11.0687 -2.91143 -3.07589 -2.88481 -0.799945 0.685267 -0.760844 -2.11988 1.84366 8.46169 14.4563 11.715 6.11531 4.0231 -3.88899 -4.84453
3.61169 -5.28376 7.36037 26.962 30.335 15.8796 10.5405 -0.175736 -17.7552 -26.1215 -25.4256 -17.8895 -26.717 27.039 24.7119 -0.182866 -1.60818 3.284 11.6018 12.5571 4.86182 4.09932 0.599675 -4.94852 -10.956 -11.5643 -7.88088 -8.98886 9.45033 6.14373
20.5627 13.2871 5.18843 6.08337 6.75379 15.3102 21.1341 18.1692 9.29054 1.09911 -8.17649 -18.7567 -22.9291 23.1516 21.5375 7.65518 5.03953 2.96506 2.86258 3.52749 6.39551 10.4304 8.41042 4.76706 0.225631 -4.82234 -8.99939 -8.52233 8.92273 6.05411
0.737448 0.504664 5.60146 8.50155 6.18705 1.22591 0.0229325 -2.40743 -5.80186 -5.06733 -5.53091 -2.36606 -8.4515 8.32115 9.23822 0.257909 0.696384 8.86165 14.8548 9.86001 1.67747 0.59305 -6.95635 -18.3864 -21.4355 -18.3124 -7.72498 -12.1952 12.3483 11.24
-6.76179 5.26401 -0.395471 -18.6418 -29.03 -20.7931 18.6033 7.52847 -9.76144 -24.8015 -33.4752 -28.7212 23.4029 -23.8076 -20.8953 -3.95514 -0.560674 -3.58326 -11.6237 -14.3707 -9.0211 9.68422 3.99957 -4.82638 -13.9589 -18.5077 -15.2721 13.6053 -14.0303 -10.9799
0.0230307 0.123744 0.507928 0.631165 0.126083 -0.242325 0.400628 -3.89941 -11.2863 -14.0242 -11.8266 -4.68802 -0.517212 0.484612 0.715843 0.412258 0.436565 1.16923 1.6822 1.04695 0.362223 0.125163 -3.96266 -10.594 -13.4699 -10.9002 -4.26936 -1.74581 1.7641 1.63184
3.73116 16.8515 18.5233 4.64629 -9.83967 -9.02884 15.7167 18.7527 22.1899 20.7655 9.40051 -7.84617 -7.49185 7.87372 5.1455 -1.3787 1.99562 1.54988 -3.95886 -6.34042 -3.85893 5.72718 7.66079 8.83346 6.63225 1.18092 -3.31161 4.56575 -4.494 -5.00269
0.116036 -0.0604756 -5.25199 -8.96978 -5.65121 -0.426507 0.217815 -3.98793 -11.7949 -15.0423 -12.2069 -4.48232 7.10265 -7.10578 -7.07294 -0.384182 -0.668111 -3.75307 -6.11944 -3.68458 -0.592389 0.0590119 -3.56783 -9.72415 -12.6147 -9.93922 -3.74285 5.01484 -5.10388 -4.46119
12.6297 -4.35143 -7.55295 6.94322 22.267 25.4238 30.8816 19.3776 -8.79643 -25.1071 -30.6392 -32.4046 -17.9158 18.4007 14.9268 2.7829 -2.4523 -4.40874 -0.0477888 7.40026 8.76865 22.7928 13.6019 -2.14381 -15.4222 -23.5109 -26.5241 -2.92019 3.26842 0.779474
-11.5077 -0.279552 0.848 -11.0107 -20.8079 -20.2183 -10.4231 -21.7066 -32.8895 -35.7465 -25.4789 -4.72749 20.6247 -21.0807 -17.8065 -4.29955 -1.58313 -0.737767 -4.60833 -8.25528 -7.24085 -4.28828 -7.66476 -11.0674 -11.7368 -6.87746 -0.0890428 8.00325 -8.377 -5.69933
0.651841 -14.2166 -17.7961 -2.64522 13.5095 13.9437 2.8226 -6.15929 -18.861 -22.3531 -17.1881 -8.95642 2.3488 -2.33899 -2.4065 -0.718335 -4.78247 -8.08828 -3.77251 2.72328 2.92587 0.598726 -2.06405 -5.88583 -7.87336 -6.02448 -2.88175 3.90893 -3.97171 -3.51923
-7.06005 -4.86416 -17.3546 -30.2714 -26.5299 -12.5414 14.2932 16.0054 15.7343 8.3394 -3.51455 -11.7703 32.52 -33.1661 -28.5208 -1.92986 -2.06253 -5.31072 -8.95167 -7.56372 -3.60445 4.83452 5.14801 5.00685 1.82064 -2.8244 -4.79332 8.52297 -8.992 -5.62993
-8.30235 -5.82475 -1.48202 -0.76642 -1.0052 -5.26149 11.7297 9.39786 4.08116 0.507677 -3.25186 -9.02185 7.68963 -7.77005 -7.18657 -5.49155 -3.72554 -1.33315 -1.06229 -1.06218 -3.48546 5.66182 4.35682 1.94157 0.169772 -1.70368 -4.30709 5.32094 -5.41739 -4.72144
-2.23542 -7.49812 -9.85608 -5.76521 1.63975 3.46003 10.1941 20.1346 27.5674 22.3948 10.3181 -1.46195 7.01345 -7.05566 -6.74667 -1.21834 -3.43054 -5.60732 -3.91946 -0.373367 0.45023 3.19373 5.90346 8.32002 6.42451 1.75603 -1.38294 4.45329 -4.59288 -3.59124
14.9919 9.33646 0.897735 1.1922 1.86353 10.0952 -23.7286 -21.176 -7.27087 0.905257 8.57549 21.3055 -13.7439 13.6736 14.1545 15.3184 8.67277 0.70225 0.369556 1.22137 9.38611 -41.1901 -33.618 -11.9274 0.482035 12.6296 33.9077 -11.855 12.0422 10.6891
-0.291666 -0.381973 -3.13505 -4.94335 -3.24512 -0.47139 -0.152767 12.6235 36.6483 45.4969 36.7284 12.8673 4.39765 -4.39195 -4.4259 -0.437997 -0.465136 -3.19827 -5.35498 -3.17089 -0.506729 -0.0364778 13.6564 39.3327 49.7086 39.5143 13.7772 4.50209 -4.52994 -4.32403
10.5881 17.1532 11.905 0.851971 -6.84225 -0.961755 28.3444 28.3954 23.9684 16.9802 2.16052 -20.3746 -10.4415 10.7593 8.48294 3.69281 6.38126 3.73913 -1.68166 -3.85535 -0.582716 23.6773 24.0713 17.8713 9.7593 -1.90326 -16.6394 -1.98965 2.17922 0.823717
6.67163 -9.15956 4.10597 31.3534 40.3318 24.9937 2.24436 5.12127 7.34133 7.75905 6.27505 1.52607 -33.1664 33.6215 30.3406 -0.687386 -3.97074 -1.22939 8.99147 14.0415 6.8724 1.61742 2.98187 4.36824 4.02767 2.03059 -0.288846 -6.2378 6.81174 2.70447
-1.7216 12.8485 18.9348 7.72813 -8.98549 -13.487 -9.14231 -17.0964 -25.4254 -29.0874 -22.1035 -3.78462 -4.71553 4.90541 3.54521 -1.73507 2.07243 4.13999 -0.250085 -5.34191 -4.80183 -3.15766 -6.11464 -9.35896 -10.1907 -6.17165 -0.549727 2.17341 -2.16182 -2.24369
4.91323 10.4826 13.8425 10.1374 2.19059 -0.497428 11.8649 4.80723 -6.01875 -16.4427 -22.5226 -18.8544 -13.5065 13.7924 11.7391 0.659578 3.2337 4.85665 2.47675 -0.740818 -0.949438 4.8722 2.24357 -1.99654 -7.36689 -9.82015 -7.82595 -2.50162 2.72175 1.14624
-3.30743 0.489015 -5.37116 -14.8217 -15.9776 -8.70981 -12.0484 -12.933 -12.1001 -5.68027 3.8247 10.3715 15.8833 -16.1591 -14.1746 -0.922146 -0.323649 -1.79542 -4.63684 -4.9384 -2.5762 -4.23405 -4.37458 -3.86587 -1.39666 2.07444 3.97008 4.42342 -4.66015 -2.96307
3.30351 8.74598 -0.521473 -15.2377 -17.1041 -5.00882 20.5159 21.2598 20.4084 10.863 -5.49303 -17.8985 9.51003 -9.39965 -10.174 0.123597 1.1595 -2.14663 -7.17315 -6.72527 -2.28739 8.11672 8.54187 7.97609 3.56456 -3.08133 -7.20058 5.38622 -5.55178 -4.36265
9.47026 6.28095 -8.26005 -15.3054 -5.70259 8.28918 -24.337 -24.1072 -16.2733 1.07763 17.2009 23.8093 3.19966 -2.81638 -5.54281 1.67198 0.649156 -4.61134 -7.95984 -4.24209 0.855566 -10.4895 -10.2842 -7.39891 -0.275294 6.7021 9.92883 4.56956 -4.63708 -4.14923
-6.87599 -18.1595 -22.2526 -12.3743 1.12526 3.42861 -8.33328 1.45494 15.0026 21.5293 19.8611 14.4588 17.8945 -18.3464 -15.106 -2.05088 -4.83056 -6.73423 -3.74159 -0.0081994 -0.146798 -3.00358 -1.23621 2.16888 5.30174 5.55033 4.36481 5.05621 -5.34123 -3.29899
-8.36952 -9.17448 -6.88078 -3.80214 -1.30172 -4.0834 8.52074 -1.88167 -14.3678 -22.232 -23.0852 -17.172 11.0033 -11.2524 -9.46421 -2.83875 -3.1558 -2.80884 -1.86491 -1.25541 -2.06476 3.19891 0.845705 -2.61343 -5.9582 -6.69702 -5.29006 4.21365 -4.40077 -3.05956
-7.58769 -8.4678 -32.3693 -50.5305 -36.14 -11.4783 2.11265 -0.893389 -6.88617 -11.4264 -10.3695 -5.22942 48.9831 -49.7464 -44.2423 -2.21604 -2.98952 -9.16322 -15.0059 -10.7359 -4.26623 0.610615 -0.100728 -1.66588 -3.49929 -3.13593 -1.55091 12.8714 -13.5796 -8.50281
0.870307 -4.73561 -7.18131 -2.99004 3.58164 5.52801 -21.2136 -12.8365 4.68292 16.403 22.5331 24.1756 1.69962 -1.71485 -1.60468 1.27911 -1.86154 -2.60134 0.627755 3.93756 3.82787 -16.0338 -9.55577 2.6416 11.7986 16.7609 18.4833 -1.88225 1.87937 1.89919
-3.99927 -8.44935 -7.34748 1.9515 11.3299 5.84585 -23.4815 -0.264662 35.8293 59.3457 62.7358 43.9698 1.30189 -1.00535 -3.1174 -4.63125 -6.09782 -8.30224 -6.3653 -0.993651 -1.17831 -12.2745 -1.39385 15.5009 29.7959 31.9576 22.4195 9.54286 -9.60265 -9.16557
-17.0372 -18.0583 -20.5098 -20.9305 -16.5813 -14.6493 4.88659 -2.06468 -10.6007 -16.0128 -15.9254 -10.9513 34.5293 -35.523 -28.3988 -4.31872 -5.05284 -5.44672 -4.7119 -3.9625 -4.17708 1.3327 -0.178994 -2.26783 -4.02236 -3.96664 -2.7013 7.75659 -8.26228 -4.63981
5.09297 23.4708 41.0516 33.1166 6.64245 -8.08062 -8.02342 -4.25529 1.08215 4.31895 7.6321 9.53605 -33.7428 34.3413 30.0385 -1.6797 4.83553 11.4579 6.89132 -1.72905 -3.81801 -3.88677 -2.72557 -0.354472 3.09403 5.46819 5.16837 -3.49454 4.0322 0.185814
-9.81409 -5.47315 -1.14721 -1.34187 -1.64912 -6.47753 42.9885 34.1475 12.0156 -0.302674 -12.7527 -34.7358 8.72061 -8.82326 -8.07794 -6.06654 -3.42947 -1.00511 -1.28976 -1.32748 -4.00062 41.3011 32.0664 11.3268 -0.250182 -12.067 -33.0074 5.74449 -5.81336 -5.3128
0.483932 1.50803 14.428 23.224 14.3086 1.50875 -0.271923 -14.7874 -39.1614 -46.1569 -38.5061 -14.1347 -18.9986 19.135 18.1345 -0.524297 0.0949813 4.86724 9.32897 4.76841 0.0483081 -0.277787 -12.7567 -35.6049 -45.7119 -35.3214 -12.2456 -5.62241 5.86127 4.1472
-0.0149163 -0.043909 -0.0507855 -0.0473237 -0.0601462 -0.0626399 -0.00413946 0.0622212 0.0921327 0.153189 0.0512146 0.0494118 0.0460947 -0.0618518 0.0504025 0.334165 0.40409 1.78812 2.66329 1.56891 0.155487 -0.167983 -1.01261 -2.51148 -2.83948 -2.5635 -0.772161 -2.51454 2.49083 2.65617
5.80241 -8.96254 -3.56272 16.7627 29.2301 22.2145 -24.8779 -8.9406 21.797 35.2365 35.7755 31.1028 -20.1597 20.6152 17.3477 -0.434169 -4.87602 -3.91924 3.80398 10.6308 7.20054 -16.6103 -5.93413 10.7778 23.3777 27.4409 23.8567 -2.94373 3.31594 0.65486
-1.15742 -3.13007 -3.56199 -1.66312 0.730312 0.944045 6.39115 8.71474 9.89721 8.08914 4.17024 -2.83501 2.59694 -2.64671 -2.28913 -0.637855 -1.7012 -2.09259 -1.03891 0.273131 0.3428 6.67448 9.50719 11.2746 9.59158 5.03047 -2.54664 1.54507 -1.58941 -1.27105
-5.7375 -1.61539 -0.712588 -6.78584 -8.40361 -6.3287 -28.8954 -50.958 -69.6028 -59.6194 -31.0835 5.98522 10.594 -10.5462 -10.8725 -5.16436 -4.11257 -5.64476 -8.51495 -7.77284 -5.51152 -18.3572 -30.5905 -41.1369 -35.1926 -16.9175 5.21353 12.1079 -12.3442 -10.644
21.1926 11.8746 0.638356 0.654429 2.18856 14.4547 -56.8886 -47.1443 -15.8588 1.82844 19.0976 48.5779 -17.466 17.5893 16.6835 5.50809 1.87025 -0.71031 -1.4048 -0.746333 2.48154 -60.4164 -45.9073 -15.5142 0.720473 17.1785 47.7633 -1.46786 1.73271 -0.160413
5.9639 -4.03156 -1.04523 11.3298 16.4285 12.9501 3.12638 4.96887 5.21417 3.96988 2.37946 -0.856314 -14.8008 14.7603 15.0295 3.94085 -1.08947 2.02042 11.2759 14.5045 9.58661 2.79174 4.13455 5.00893 4.00392 1.6898 -1.1812 -12.9946 13.3272 10.939
5.1903 0.491687 -8.82471 -9.67019 0.0411728 7.86185 9.55212 10.3304 7.98397 -0.526543 -8.02475 -9.60204 2.54369 -2.30987 -3.97153 0.883832 -0.532306 -3.65337 -4.34068 -0.983319 1.50987 2.65103 2.9329 2.68944 0.234317 -2.22413 -2.75993 2.34623 -2.39118 -2.06708
-0.0312166 0.545467 1.09641 0.883654 0.0952049 -0.371981 -1.43157 -2.81513 -4.21215 -4.15022 -2.61192 -0.171195 -0.736595 0.749491 0.656655 -0.0580471 0.0849274 0.272116 0.2088 0.0128715 -0.0777898 -0.699055 -1.21177 -1.75702 -1.67305 -0.827662 0.148051 -0.106878 0.119899 0.0268428
