-4.83479 -19.7231 -26.0278 -12.0865 3.34427 5.95208 -18.1276 -25.0022 -28.7583 -23.6639 -12.0317 7.677 17.0956 -17.6016 -13.978 -3.20799 -10.0949 -14.6981 -7.88952 -0.0783872 1.20912 -17.1519 -26.1035 -31.467 -25.3082 -12.3871 6.22555 10.9227 -11.2879 -8.66998
0.0247528 0.0130677 -0.0179414 -0.00573463 -0.0180795 0.0127658 0.00991636 0.00293804 -0.00452568 0.000275253 -0.011389 -0.0138449 0.00662787 -0.00349367 -0.0257886 0.0170461 0.0117917 0.0127977 0.0178201 0.0125389 0.0113924 0.00525193 0.00625828 0.00508969 0.0013006 0.000950657 -0.00294016 -0.0319249 0.0310864 0.0370074
-3.48364 5.37524 6.90652 -1.54728 -10.3674 -10.9597 0.553793 7.63725 15.5593 20.9691 18.9196 8.69827 4.69347 -4.7762 -4.18164 -1.14069 0.495899 1.14159 -1.35445 -3.77901 -2.92036 0.209003 1.38811 3.15168 4.79409 3.86301 1.51367 2.31255 -2.40529 -1.74043
-3.3216 -7.51852 -16.2398 -17.6817 -8.95119 -1.49006 0.602877 6.5167 14.5952 17.0166 12.0825 4.52097 18.079 -18.4785 -15.6095 -0.198934 -1.18696 -2.48701 -2.22969 -0.653086 -0.195993 0.169894 1.5336 3.9538 5.11548 3.33001 1.0424 1.51959 -1.7468 -0.119913
-3.53368 -4.37986 -4.06223 -0.00243545 4.79023 1.35924 20.2759 -1.46593 -36.082 -61.0426 -64.0481 -41.5604 2.97245 -2.71426 -4.55048 -4.28508 -4.26224 -7.15604 -8.40899 -5.01634 -3.24103 9.58083 0.805002 -13.8834 -27.8792 -29.3248 -18.9543 11.0561 -11.1662 -10.3685
-1.01275 -10.1623 -21.3871 -18.2946 -2.74207 5.87233 23.557 17.1876 0.846304 -17.1674 -26.8639 -26.8221 16.4139 -16.5372 -15.6382 -1.33825 -4.38359 -9.01336 -8.45852 -2.45784 0.543829 9.96427 7.65715 2.09432 -5.61397 -10.3854 -11.1671 7.86064 -8.11832 -6.26792
6.76557 -9.53819 2.08782 28.9618 39.4119 25.5159 6.48013 5.60538 1.32381 -2.14334 -3.59322 -5.3837 -31.1616 31.6766 27.9707 -0.790637 -4.10886 -2.76467 5.89697 11.6413 6.33053 3.01948 3.23741 2.63749 0.231365 -1.96155 -2.92549 -3.67257 4.19315 0.46971
13.2949 9.32952 3.5847 3.24072 4.0339 9.90969 -15.1332 -13.5784 -8.34787 -1.47498 6.05591 13.0799 -14.779 14.9305 13.8328 7.37563 4.77961 2.89069 3.74848 4.51496 6.54299 -5.62987 -5.36085 -4.20422 -1.18897 2.31254 4.64507 -9.50348 9.78069 7.79125
-1.61564 -5.34196 -3.36412 2.51361 6.58829 3.98736 4.3623 -4.19678 -15.4952 -21.1425 -18.8315 -11.398 -0.742414 0.806231 0.350205 -0.762942 -1.60476 -1.88516 -0.447766 0.99079 0.399745 1.22508 -0.2776 -2.90874 -5.33182 -4.72115 -2.74632 1.14591 -1.15462 -1.09147
-0.550741 -0.888738 -3.44274 -4.907 -3.09092 -0.614578 0.580218 3.67015 9.32407 10.8807 8.89264 2.66908 4.61138 -4.65166 -4.3584 -0.382442 -0.612835 -1.96525 -2.8307 -1.60801 -0.331434 0.672521 5.36904 12.7126 15.0942 12.0072 4.1133 2.51267 -2.56546 -2.18479
-2.97033 -2.17261 -18.723 -30.9165 -20.4023 -3.78452 0.459355 0.356813 -0.349037 -1.00204 -0.162327 -0.322078 28.3996 -28.2206 -29.4562 -3.87965 -4.33392 -18.4948 -30.0801 -19.9871 -5.52998 0.728991 2.37162 4.44797 4.49017 3.65704 0.994021 27.3159 -27.7749 -24.4639
-2.16564 -1.36756 1.01319 1.2769 1.03788 -1.42682 -40.4593 -32.2672 -12.8874 -0.470561 12.2296 32.4486 1.41964 -1.17506 -2.91592 -12.7969 -8.27534 -2.93128 -3.62599 -3.45713 -8.87194 -20.3587 -15.1129 -6.49483 -0.440145 5.84386 15.1935 14.0546 -14.0697 -13.9448
1.21164 0.913931 0.18718 0.0605484 -0.247693 0.625452 -1.23234 -1.16177 -0.475862 -0.20136 0.223043 1.33352 -1.12824 1.0787 1.42958 8.36259 6.37385 1.63652 0.435085 -0.0367083 4.79933 -10.7947 -9.9636 -4.81397 -1.19148 3.14327 9.85652 -7.69172 7.66642 7.8366
-3.76808 -2.8153 -1.086 -0.840545 -0.928782 -2.65394 -8.43063 -6.79099 -2.79185 0.0811595 2.99489 6.99923 4.1077 -4.15269 -3.82686 -2.79839 -1.98254 -0.839903 -0.730516 -0.679301 -1.84831 -5.51856 -4.42518 -1.82427 0.120198 2.02154 4.52405 2.92558 -2.97765 -2.60185
7.61733 -4.84214 -9.38694 2.08908 15.2001 17.1474 -17.3424 -12.2736 4.15257 16.7019 19.7534 18.2404 -8.72025 9.05127 6.68454 0.254585 -2.4055 -4.99564 -3.049 2.03075 3.21745 -8.32876 -5.96684 -1.04807 5.20981 8.78828 9.51291 2.23538 -2.11803 -2.95431
-3.93145 10.886 14.3914 0.697593 -14.4557 -15.971 15.5839 25.5028 35.0554 36.8791 24.4414 0.140719 3.28093 -3.19452 -3.80724 -2.59652 1.29797 2.21268 -3.13566 -7.6022 -6.10752 6.26401 9.56956 12.9352 12.3865 5.64327 -2.01771 5.1947 -5.31572 -4.4468
0.428267 0.962187 7.51454 11.5701 7.53982 1.09004 0.00431243 6.67736 17.0009 19.6286 16.9546 6.60824 -10.0967 10.1384 9.8273 -0.182515 0.359863 3.75283 6.31099 3.71826 0.374584 0.153738 7.14031 18.2175 22.4968 17.9344 6.79226 -4.45093 4.60819 3.47926
3.67628 -0.581206 9.08457 19.8354 17.7571 8.05118 -3.07118 3.64285 13.4096 17.3087 15.3615 8.63347 -20.3466 20.3546 20.2709 1.83694 0.804998 8.14527 16.2713 13.956 5.49455 -1.35409 1.07529 4.92414 7.75699 6.71466 3.70607 -14.8803 15.2938 12.3246
-0.20524 -0.314821 -3.47759 -5.75361 -3.77451 -0.611912 0.342465 -3.89675 -11.6717 -14.7088 -12.0588 -4.55268 4.86405 -4.89536 -4.66542 -0.303898 -0.454481 -2.20249 -3.5692 -2.15111 -0.389589 0.185285 -3.88547 -10.7096 -13.7496 -10.9913 -4.25572 2.98032 -3.03488 -2.64096
0.121324 2.57363 13.6404 18.9632 10.7175 -0.114304 0.622297 16.3423 38.2912 47.2067 37.4111 15.115 -15.8966 15.9584 15.4941 -0.363898 1.76738 9.87504 14.1201 7.96488 0.271359 0.167237 3.1306 8.43258 12.6431 8.40429 2.874 -10.8017 11.0877 9.03247
4.92764 1.60931 12.9299 24.3554 21.7687 10.5557 -16.88 -17.737 -12.357 -6.19852 0.618491 11.2091 -25.5698 25.9525 23.1954 -1.24679 -1.38077 2.23235 6.39403 6.68373 2.3961 -10.2786 -10.9343 -9.00087 -3.97003 2.49497 8.07958 -3.66227 4.08306 1.07203
0.302188 0.237132 3.90719 6.88015 4.33496 0.591099 -0.248538 12.071 34.6342 42.3732 34.6942 12.4393 -5.63955 5.65601 5.52977 -0.0579413 0.006095 2.0429 3.91801 2.39223 0.241179 -0.190986 13.2138 38.2596 48.4545 38.4242 13.5232 -2.80525 2.85772 2.47903
1.43964 1.27701 2.61836 3.72921 2.72326 1.44499 -0.159949 -0.403484 -0.739119 -0.777819 -0.558522 -0.105799 -4.45898 4.51937 4.08374 0.297239 0.377067 0.862816 1.19853 0.860331 0.423698 -0.0954202 -0.195155 -0.327435 -0.378307 -0.234959 -0.0311158 -1.15153 1.21927 0.73378
0.32384 -0.0859529 0.486032 0.722128 0.687076 0.185402 -0.0123772 0.301088 0.814354 1.84431 0.951701 0.335948 -1.19331 1.07911 1.89048 0.721785 0.971269 10.8414 16.8563 11.6426 1.89073 0.553193 -6.53118 -16.5032 -17.2671 -16.4268 -7.24605 -15.325 15.271 15.6365
1.59638 -2.20419 12.1252 27.547 25.6842 10.1974 5.6136 -6.58146 -24.4233 -31.8351 -27.9817 -15.8215 -25.1159 25.4976 22.7463 -1.29753 -1.51417 2.03006 7.11961 6.91936 1.8856 2.14976 -1.15006 -6.46151 -11.0772 -9.6447 -5.47794 -3.87134 4.24107 1.5938
-9.68028 -12.1995 -20.0475 -22.9565 -15.7551 -8.58273 5.07366 -3.55617 -15.9386 -24.0955 -22.1542 -13.1059 29.0093 -29.7154 -24.6491 -2.14754 -3.20031 -4.53336 -4.46546 -3.08685 -2.36483 1.37881 0.105105 -2.2383 -4.97094 -4.61654 -2.8398 5.31171 -5.73195 -2.72245
1.86702 0.586394 11.3991 21.1803 17.6094 6.49853 0.917987 -3.43439 -9.51661 -12.1803 -9.91397 -4.78095 -19.7319 20.0598 17.699 -0.654812 -0.367361 1.66324 4.00608 3.32585 0.819421 0.129846 -0.787528 -2.30247 -3.45143 -2.51511 -1.0759 -2.02093 2.28759 0.378444
-7.54233 -9.2503 -43.0175 -66.6833 -42.9082 -9.478 1.50024 7.0406 17.3602 22.8198 15.7468 4.40054 61.3276 -61.806 -58.3129 -4.5038 -5.52374 -19.9726 -32.6002 -20.4916 -6.04904 0.856828 2.25639 5.14147 6.96707 3.94623 0.562486 28.1677 -29.0109 -22.9512
5.3931 15.454 20.7272 13.2812 -0.66018 -4.42619 12.6387 5.82313 -4.11914 -13.4993 -20.4578 -18.8848 -16.4013 16.7399 14.3081 -0.0537257 4.13347 6.32231 1.96522 -3.02005 -2.79186 5.84932 2.94376 -1.81801 -7.49875 -10.4889 -8.84984 -1.28878 1.54704 -0.299832
4.44917 3.28784 0.953097 0.215024 0.689066 3.20422 8.44795 7.51821 3.90913 0.320343 -3.50359 -7.46761 -4.17345 4.27246 3.56198 0.750906 0.493754 0.0666392 -0.271786 0.0454066 0.540565 5.74193 4.67107 2.25746 0.196592 -1.98082 -4.64339 -0.321712 0.38687 -0.0787624
-1.87725 -1.37073 -0.818801 -0.897478 -0.731004 -1.3125 5.66499 4.59089 2.00967 -0.198512 -2.45065 -4.98498 2.41625 -2.43252 -2.31363 -1.71516 -1.22956 -0.572341 -0.570086 -0.449122 -1.11143 3.9071 3.26125 1.5525 0.135723 -1.31794 -3.21919 1.88153 -1.9089 -1.71073
1.03967 1.39184 19.0162 29.1417 19.0945 1.6805 0.12711 -8.19587 -20.1055 -19.1944 -20.2086 -8.40824 -26.1576 25.8465 28.025 0.325602 1.17875 18.9587 33.391 18.7835 1.23051 -0.152083 -14.7738 -41.7215 -51.0455 -41.5426 -14.4624 -24.9548 25.2219 23.2773
1.64323 8.3055 11.0585 4.85224 -2.08344 -2.96088 -12.5325 -19.8769 -26.1149 -23.1012 -11.6162 3.41838 -6.33462 6.62549 4.5458 -0.392148 0.868487 1.51582 -0.175792 -1.22226 -0.831184 -4.68702 -7.90575 -10.6502 -8.67889 -3.05804 1.83803 0.421059 -0.339198 -0.923861
6.97142 -5.21353 -5.14608 7.97368 19.1878 18.3098 12.0735 19.716 25.4062 19.4885 7.93685 -4.73344 -13.4005 13.8214 10.8072 0.200879 -3.95484 -6.37847 -1.8177 4.88988 5.03264 6.32291 10.1145 13.461 10.9598 4.03494 -2.64568 1.53075 -1.32851 -2.77196
0.716435 2.47224 9.73655 13.28 8.57154 1.66684 0.486318 5.29427 11.2066 13.2836 10.5105 4.31383 -12.0549 12.2857 10.6258 -0.576774 -0.0365953 1.0997 1.73304 0.970573 -0.0360589 0.155641 1.48608 3.52629 4.59898 3.23927 1.1708 -0.473265 0.629718 -0.489659
0.0923307 0.458807 3.89562 7.72785 3.75489 0.684894 0.0691993 4.20052 12.1999 15.907 11.8535 3.98087 -4.79081 5.09621 2.91294 -2.03755 -2.82083 -23.0554 -34.4715 -22.1393 -2.0723 -0.308629 -5.45577 -12.2416 -10.7888 -12.4 -5.05127 31.608 -31.282 -33.5612
-4.04398 -12.6594 -15.0564 -7.03812 3.12958 4.36343 10.7612 12.7481 13.0482 10.7192 5.22357 -5.7162 10.4286 -10.6131 -9.28717 -2.80697 -7.81096 -10.2389 -5.41226 0.461057 1.16334 11.0666 15.3656 17.1894 13.834 6.57986 -4.66592 7.84809 -8.08265 -6.4009
2.77499 6.0075 6.36592 2.92977 -2.01576 -1.77855 7.11926 7.39456 7.86531 7.81831 4.48902 -4.21562 -4.94539 4.97513 4.75737 1.89284 4.20085 4.52546 1.73151 -1.14042 -0.637551 8.27358 10.3048 10.9233 9.13082 4.10988 -4.15548 -3.32593 3.43675 2.64241
22.3864 12.8474 1.38104 0.853106 2.20812 14.2994 52.5705 42.6066 15.1616 -0.723866 -16.8941 -44.2387 -17.9512 18.2313 16.2073 7.53107 3.32729 -0.758002 -1.42512 -0.407927 4.17196 50.9922 38.8313 13.4047 -0.84475 -15.5023 -41.0581 -3.50667 3.73195 2.11759
-0.524671 1.0859 -0.689333 -2.85625 -2.955 -1.06218 0.827044 0.727226 0.129511 1.80732 0.203384 -0.446019 3.17897 -2.96752 -4.46895 -2.07947 -1.5072 -9.85501 -16.7364 -11.7167 -2.84505 1.09254 -5.59033 -16.2479 -18.5584 -17.2338 -7.54593 15.8169 -15.8022 -15.8857
-1.13669 -0.191257 2.31512 2.14833 1.19434 -0.972303 33.8016 25.7231 10.2151 -0.21041 -11.3439 -27.5695 -0.273712 0.53804 -1.34546 -9.92099 -6.43447 -2.70217 -3.32636 -3.00787 -6.95365 12.858 9.15147 4.21728 -0.0771173 -4.6098 -9.84347 11.4406 -11.4388 -11.4376
-0.249126 -1.82043 -4.52959 -4.72805 -2.16309 0.111182 -16.6177 -13.5141 -5.23799 4.8365 12.9241 16.7501 4.14776 -4.32368 -3.0667 3.10866 1.51589 2.56529 4.86553 4.29799 3.16847 -4.71039 -4.11537 -2.52289 1.63661 5.02746 5.36741 -7.05406 7.02731 7.21204
-47.1866 -27.5128 -4.67556 -4.94814 -7.30258 -31.9964 -10.6086 -7.49383 -2.34852 -0.0562412 2.40448 7.92967 42.3237 -42.6378 -40.3366 -32.8759 -18.9079 -4.1404 -4.10749 -5.22189 -21.3154 -9.7575 -8.0118 -3.33451 -0.627328 2.3421 7.84828 28.6893 -29.1518 -25.8085
18.5003 10.836 0.887734 0.360334 3.87622 14.7539 -35.6553 -29.5977 -11.3671 2.50608 15.7663 31.9212 -16.1637 16.5043 14.0568 0.610492 -0.364557 -1.25581 -2.25455 -0.687248 0.710027 -23.1964 -17.3848 -6.95186 1.00407 8.96673 19.1627 2.00518 -1.78529 -3.35346
-2.13461 6.16825 5.90058 -2.90748 -9.02904 -7.9574 -13.3533 -0.483502 18.426 33.5596 37.8314 26.5813 4.27114 -4.04989 -5.62021 -3.91854 -0.923981 -3.54263 -9.99617 -10.9756 -6.65943 -6.38011 -1.75053 5.57483 13.2569 15.3395 11.2214 12.2145 -12.3643 -11.2831
-0.251355 -0.620518 -2.6699 -3.85544 -2.44406 -0.342946 -1.16982 6.6554 20.8631 26.6124 22.1284 8.8218 3.49418 -3.51983 -3.33218 -0.163694 -0.38813 -1.49148 -2.10547 -1.04766 -0.0902506 -0.750799 6.44984 18.682 24.1808 19.5509 7.84279 1.71699 -1.75143 -1.50262
4.13321 -6.01726 -1.66251 12.9835 20.3584 14.5836 -3.24647 -1.03166 3.12908 5.44993 5.40685 4.35323 -14.854 15.0926 13.3749 0.307437 -1.61593 -1.16334 3.15046 6.0597 3.64388 -1.14819 -0.682309 0.244172 1.42239 1.83781 1.58063 -2.72457 2.96228 1.26063
-7.00451 -5.23732 -11.9213 -18.8106 -15.3913 -8.45667 0.810941 13.968 32.163 40.8058 32.4453 13.0102 22.4919 -22.8011 -20.5694 -2.48606 -2.53568 -4.60004 -7.09966 -5.94591 -3.44892 0.6619 4.10826 9.64577 13.0423 9.09969 2.96258 7.75463 -8.13285 -5.42216
0.497505 5.25735 9.97318 7.73947 0.511864 -3.2435 5.74035 13.5065 22.1933 23.7069 16.0381 3.13823 -7.09657 7.15138 6.75079 0.602415 1.97679 5.53448 6.02947 2.56168 0.0865764 1.5697 3.26452 5.64957 5.95033 2.69576 -0.148255 -5.45727 5.58345 4.67628
-2.55692 -3.56011 -6.38311 -7.4874 -4.68266 -1.9084 -1.16989 -11.9683 -26.8137 -32.0266 -23.7138 -9.05191 8.77639 -8.95437 -7.67604 -0.129683 -0.614701 -0.258192 0.508167 0.631758 -0.0115319 -0.350363 -2.49076 -6.2763 -8.44851 -5.29193 -1.59469 -0.547334 0.425302 1.29742
-11.6317 6.50531 1.12662 -23.0403 -40.4185 -32.7275 10.1418 6.82373 1.9014 -3.92842 -9.95908 -12.345 32.6345 -33.4126 -27.8292 -4.60717 -0.032538 -1.81751 -10.7989 -16.5671 -11.7894 4.27197 2.94087 0.9173 -2.20678 -5.00065 -5.50901 13.8501 -14.4382 -10.2229
-6.79433 -3.85444 -13.6869 -25.3343 -23.2659 -11.9398 -18.1071 -21.301 -22.244 -14.1782 0.316786 12.993 28.1875 -28.6892 -25.0788 -2.37866 -2.03071 -5.1974 -9.33223 -8.50041 -4.42743 -6.92113 -8.01227 -8.23193 -4.86512 1.25138 5.48306 9.53742 -9.97432 -6.8416
-3.74997 -9.81245 -12.14 -7.13065 2.2287 3.90255 -5.48622 -2.49378 -0.95192 -3.61881 -4.07035 3.9891 9.46992 -9.46574 -9.48503 -3.2281 -10.1089 -13.5739 -7.22056 0.916503 2.22204 -11.4679 -14.7771 -16.4203 -14.8019 -8.33906 4.72209 10.0243 -10.2853 -8.41391
4.29809 -4.44192 -2.57343 8.43003 15.2603 12.4026 8.63728 4.15727 -5.80934 -11.182 -11.4062 -9.99315 -11.085 11.2918 9.80603 0.525633 -1.26406 -1.30116 1.85434 4.55709 3.23959 3.96345 2.34186 -0.640772 -3.83376 -5.18909 -5.0105 -1.98336 2.16201 0.883459
-1.85737 -1.77939 -8.95318 -13.7782 -8.39763 -1.22652 -0.227528 5.82649 14.9466 19.2336 14.3079 5.97558 13.1578 -13.0147 -14.0153 -2.81009 -3.54314 -11.5207 -17.0268 -10.9087 -3.06359 -0.551396 -0.807166 -0.611373 0.642349 -0.322492 0.113423 16.3849 -16.6193 -14.9261
1.6932 -7.99668 0.524505 20.3275 29.6428 16.9798 21.1108 1.66125 -30.7044 -46.5054 -47.0208 -34.5354 -19.8318 20.3316 16.7454 -1.9083 -4.28462 -2.32543 4.9261 9.30702 4.02362 12.0546 1.05882 -16.3988 -29.9948 -31.6052 -22.0796 -2.19601 2.51033 0.262097
-0.220691 -0.122404 -5.78613 -9.98299 -6.54074 -0.804173 1.20368 -0.234879 -2.80691 -4.42474 -4.40511 -2.59711 8.3478 -8.32154 -8.4969 -0.879038 -1.15864 -4.72671 -7.52081 -4.8115 -1.16364 0.579089 -0.328823 -1.91943 -2.95995 -2.71063 -1.47624 6.67652 -6.80012 -5.90883
1.60313 9.50794 17.6372 14.4759 2.90641 -3.69798 -3.3966 -6.38168 -9.70182 -10.4947 -7.21655 -0.85647 -14.0294 14.3047 12.3265 -0.500512 1.35359 3.67422 2.6751 -0.0451831 -0.983591 -0.852678 -1.55572 -2.47126 -2.57817 -1.16898 0.14714 -1.40872 1.59727 0.247296
-1.93361 -4.48275 -4.1827 -1.40989 1.1082 0.78368 -11.5696 -16.7692 -18.5988 -14.29 -6.80612 4.66033 3.21118 -3.31729 -2.55781 -0.860183 -1.9242 -1.72 -0.250815 0.647683 0.162626 -9.91768 -14.2685 -16.1722 -12.7621 -5.86135 4.07655 1.17454 -1.2312 -0.825307
0.197424 0.757232 1.41819 1.35305 0.958566 0.490766 0.458252 1.38944 2.19897 2.15504 0.936089 0.3539 -1.43383 1.55311 0.702606 -2.0342 -3.18906 -5.72886 -6.1253 -2.61198 -0.11418 -2.22053 -3.37007 -5.12336 -5.67003 -4.93581 -0.12813 7.18795 -7.13912 -7.47953
0.131987 -0.304891 -1.5617 -2.38221 -1.50261 -0.24387 0.199859 -0.899619 -2.50428 -3.57634 -2.73842 -1.28341 1.70172 -1.81058 -1.03323 0.944771 1.08662 8.18495 12.2513 8.71972 1.75431 -0.277517 4.66625 10.7135 10.5464 10.4591 4.90349 -11.8968 11.826 12.3171
-1.78217 -0.50345 -4.21297 -8.55397 -7.85236 -3.83385 -0.688121 2.34987 6.59061 9.15643 7.85228 3.85939 8.89265 -9.0458 -7.94306 -0.42339 -0.398696 -1.5318 -2.92321 -2.38175 -0.937654 -0.197921 0.404915 1.54014 2.46122 1.94549 0.856743 2.56336 -2.68022 -1.84169
0.612034 0.555922 0.195527 0.0146439 -0.114772 0.276938 1.56307 1.41388 0.798291 0.279476 -0.376291 -1.32919 -0.545216 0.544412 0.549394 1.30842 1.09437 0.548908 0.364784 0.104187 0.706125 2.46517 2.31192 1.36799 0.589012 -0.416663 -2.04897 -1.4662 1.46188 1.49065
-1.12584 -7.32137 -11.4108 -6.86931 1.01748 3.57299 4.93022 7.28512 8.31493 5.24369 0.687868 -2.82966 7.24128 -7.40926 -6.20418 -0.117868 -1.66269 -3.12343 -1.737 0.473407 0.756901 1.71447 2.52895 3.05684 1.96054 0.145048 -1.11381 1.49781 -1.59997 -0.867919
4.51148 2.98291 0.381279 0.664676 0.413538 3.02346 -5.11968 -5.04651 -1.68799 -0.00816154 1.70821 5.04222 -4.63383 4.50668 5.40538 15.2873 9.56912 1.28204 1.1951 1.70923 9.90837 -24 -21.1198 -7.84596 0.200217 8.06599 21.0894 -13.6393 13.6593 13.4976
0.792138 0.549455 -0.144747 -0.389815 -0.0158803 0.680742 -3.95502 -3.60879 -2.09369 -0.320909 1.56075 3.4067 -0.421278 0.449435 0.248383 -0.123211 -0.118046 -0.196967 -0.303533 -0.109787 -0.0353428 -2.5503 -2.21439 -1.17111 -0.159241 0.907808 2.10593 0.347303 -0.338159 -0.402929
-7.05324 5.19723 5.69512 -8.01316 -19.1278 -17.4964 -13.6482 -23.0338 -32.041 -32.5981 -20.5129 0.0889755 13.6911 -13.8935 -12.435 -3.28877 -0.363402 -0.0408756 -4.87704 -8.20598 -6.29148 -5.1992 -8.1278 -10.935 -10.5817 -5.06636 1.39245 7.15697 -7.41655 -5.55504
-0.563929 -1.1958 -2.27065 -2.39283 -1.54802 -0.713176 -1.67813 -6.73087 -12.921 -14.2404 -9.60645 -3.01881 2.59028 -2.73037 -1.72952 0.725417 1.09653 2.83076 3.6564 2.21356 0.49451 0.152944 -0.0155675 -0.947597 -1.21403 0.21241 0.246506 -3.9291 3.93111 3.91381
-24.5476 -14.6914 -3.47269 -4.51913 -5.44371 -17.3748 -58.4193 -44.1489 -13.9343 2.35972 18.7798 48.2159 24.3804 -24.4449 -23.9494 -28.7918 -17.7053 -4.8222 -5.36823 -5.41838 -19.0466 -43.3661 -31.1394 -9.72661 1.83635 13.3035 33.9436 27.8285 -28.0138 -26.651
-1.75517 0.0906122 -0.0855092 -2.08932 -2.90224 -2.59385 -14.0355 -7.25463 4.76569 12.4615 17.2331 17.6465 3.2578 -3.26819 -3.19007 -1.51333 -0.966592 -1.21648 -2.03887 -1.88134 -1.56279 -10.8346 -5.16426 4.41627 11.2668 14.7044 14.1877 3.05413 -3.10263 -2.75263
-0.549325 -0.586596 -6.95196 -11.7124 -7.66425 -1.10091 -0.436991 11.7168 34.7731 43.6459 35.3307 12.587 10.0279 -10.0282 -10.0106 -0.727085 -0.849755 -5.40671 -9.41177 -5.59907 -0.899085 -0.204839 12.6476 36.5579 46.5054 37.0616 13.1108 7.70849 -7.79603 -7.15941
-1.31179 -1.44892 -13.2333 -19.5634 -12.9285 -1.27169 -0.318722 -0.649586 1.78546 7.79378 1.2944 -0.444302 18.4928 -18.2005 -20.2561 -1.7921 -2.43923 -20.0677 -33.1575 -19.565 -2.24619 -0.505761 -10.81 -28.0634 -31.6068 -27.7531 -9.95055 27.3729 -27.5016 -26.5422
10.3682 24.4575 20.835 3.50844 -10.1735 -5.74176 -32.3499 -34.8592 -33.1525 -26.4993 -8.43794 20.0996 -13.3209 13.8854 9.8487 1.8372 7.55233 5.67464 -2.62588 -6.59973 -3.56651 -23.331 -26.6706 -23.5578 -15.0237 -1.40592 14.6865 0.0768505 0.148194 -1.45831
0.591357 0.384448 6.69383 11.9136 9.55853 3.18962 1.01428 0.683377 0.122632 -0.65218 -1.24656 -1.30234 -10.6511 10.8691 9.30274 -0.652747 -0.477398 0.178779 1.04146 0.992767 0.114319 0.318066 0.295422 0.200724 -0.091028 -0.338351 -0.382384 0.115218 0.014495 -0.913225
-0.614675 -6.27949 -9.57206 -5.24775 2.36694 4.41032 -6.57979 -2.43077 5.06074 11.6219 13.0588 9.86919 5.09373 -5.14673 -4.76321 -0.330784 -1.49285 -2.85098 -2.01376 0.0751626 0.496946 -1.95456 -1.20184 0.508499 2.71908 3.41277 2.74155 1.85199 -1.92955 -1.37299
1.99074 16.187 23.7015 11.7737 -3.02931 -6.84305 24.9188 37.6298 46.6945 42.0646 24.3854 -6.65864 -13.5617 14.1117 10.1789 -1.53768 3.62687 6.56591 0.956764 -3.82746 -3.80376 17.4053 27.8772 35.6998 30.2294 14.7754 -5.29848 0.216258 0.0169668 -1.64822
-0.681727 -0.885846 -8.89105 -14.3654 -8.69185 -0.874977 -0.446833 -23.2767 -69.9297 -91.4294 -69.019 -22.3162 12.169 -12.1384 -12.3374 -0.741057 -0.818968 -6.00918 -10.7363 -5.80687 -0.829296 -0.672956 -17.7416 -53.0321 -70.6059 -52.2237 -16.4783 8.31596 -8.43608 -7.56609
-1.25025 -1.67389 -9.67014 -14.8143 -9.34608 -1.45659 -0.0790214 -0.00468272 1.04951 0.629694 1.47431 0.28464 13.4029 -13.416 -13.3042 -1.31578 -2.00224 -7.51263 -11.2955 -6.89392 -1.5164 0.0831279 3.72841 9.38404 11.0629 9.36561 3.57607 10.0479 -10.2356 -8.882
2.97901 14.5772 8.11687 -8.97882 -16.8726 -9.49379 37.7163 41.4033 37.7657 25.927 3.56208 -24.7124 4.47105 -4.17256 -6.29381 -2.26259 1.44556 -1.2364 -8.33919 -9.74897 -5.86111 21.1965 22.4882 18.8661 10.8323 -1.72387 -14.8771 8.79443 -8.90314 -8.11702
-14.2647 -4.76914 -12.0767 -28.5367 -30.0715 -20.8734 25.2609 36.8973 44.848 39.3291 19.0324 -8.5005 37.2809 -37.7614 -34.2885 -7.58759 -4.76659 -8.35203 -15.8533 -15.6529 -10.4904 12.7425 16.3864 18.6765 14.893 4.13749 -6.99837 19.6905 -20.3314 -15.7322
-3.92553 -2.22652 -7.17605 -13.2231 -12.5995 -7.13727 -2.57133 -7.2923 -13.0072 -14.6189 -9.81529 -2.49426 15.0064 -15.3848 -12.6697 -0.360956 -0.279019 -0.511361 -1.50911 -1.82406 -1.15943 -0.805926 -1.27589 -2.09591 -2.50339 -1.03793 0.297852 1.22024 -1.40765 -0.0657834
2.80342 4.55734 30.1033 47.0962 31.8385 5.95035 -1.4705 6.43022 18.1112 22.7043 18.2609 8.43784 -42.1237 42.4178 40.2674 -1.74083 0.302494 9.02912 16.0191 9.79124 0.774382 -0.770298 1.2275 4.69632 7.20304 5.46786 2.61034 -9.4387 10.108 5.31382
-1.32166 -1.53093 -11.947 -19.9116 -12.1432 -1.60723 -0.308504 22.2054 67.671 88.5064 68.3097 22.9378 16.8423 -16.8834 -16.5639 -1.61659 -1.69201 -9.8295 -16.8855 -9.93459 -1.7146 -0.497559 17.002 52.8494 71.2279 53.7629 18.0323 14.133 -14.2669 -13.2898
-6.37834 -4.66168 -8.50164 -13.2075 -11.8317 -7.5953 1.90507 -15.3402 -41.392 -55.7091 -45.7738 -19.8613 17.5172 -17.7777 -15.9009 -2.69098 -2.25525 -3.15294 -4.79669 -4.75179 -3.59125 0.278989 -3.41177 -10.1714 -16.0378 -11.8541 -4.50469 6.32303 -6.62674 -4.45004
-1.80901 4.37089 3.77165 -3.82161 -10.6495 -9.02693 0.600673 -0.759329 -2.35088 -3.8259 -4.02987 -2.39167 5.43086 -5.61415 -4.30221 -0.132447 0.791723 1.23374 -0.422422 -2.22884 -1.55521 0.169407 0.0610587 -0.156704 -0.54207 -0.571028 -0.377214 0.51609 -0.588817 -0.0681264
-1.01356 -1.32034 -11.6856 -18.9913 -11.9323 -1.45729 -0.214183 5.67173 16.1484 18.4378 16.3981 6.06252 16.3219 -16.3153 -16.3384 -1.34447 -1.67471 -9.8399 -16.2985 -9.95061 -1.64743 -0.090048 9.60757 26.518 32.4732 26.6138 9.74864 13.8321 -13.9606 -13.0223
-1.00009 -1.09896 -1.60237 -1.78908 -1.16497 -0.730554 -0.0752885 -0.542378 -1.05066 -1.21128 -0.968685 -0.404938 2.45221 -2.49567 -2.18292 -0.390271 -0.440254 -0.617435 -0.685677 -0.389524 -0.270382 -0.111645 -0.210853 -0.326692 -0.375545 -0.229149 -0.0135411 0.857809 -0.889656 -0.660915
17.4431 9.87611 0.617546 0.600945 4.54415 14.354 25.5359 21.4308 8.6239 -2.55714 -12.8713 -23.4448 -15.5377 15.8871 13.3789 1.40219 -0.0166118 -1.55454 -2.37545 -0.300594 1.56129 13.4994 10.0057 4.5388 -0.560547 -5.76365 -11.2972 1.32004 -1.09964 -2.67243
-4.18919 -12.5905 -16.3358 -9.17468 0.551052 2.79491 22.0117 35.1801 42.2376 32.2615 14.9881 -7.69841 12.7431 -13.0322 -10.9574 -2.7289 -6.05971 -8.5798 -5.22777 -1.04014 -0.457374 16.5875 26.2345 32.1707 25.3379 11.8708 -5.86973 7.55651 -7.81047 -5.98965
2.41706 3.71846 6.36614 6.9292 2.68574 -0.318029 0.975982 4.2635 8.33579 9.17461 6.11652 2.07287 -8.06975 7.94973 8.79288 2.51461 4.81686 10.9156 12.1633 6.21105 1.38601 -0.624169 -1.40177 -1.60242 -1.44361 -1.91321 -0.63733 -12.6415 12.8644 11.2605
8.7751 -4.94568 -11.0716 -2.82018 13.5189 20.7044 41.6094 25.326 -5.14572 -27.4491 -41.0076 -46.833 -6.57514 7.12787 3.18167 -0.247098 -3.98132 -6.98941 -5.42886 1.28723 4.03005 25.3957 15.7379 0.0257336 -13.9281 -23.8906 -28.8436 4.42769 -4.32171 -5.07318
1.60923 -1.20905 -0.776364 2.03005 2.60729 2.44322 1.79232 1.77143 -1.80226 -1.09578 -0.0280109 -0.523297 -2.86913 2.70749 3.85274 4.29077 -2.64095 -1.48883 6.70063 10.8643 9.33015 9.64571 4.96294 -6.86857 -10.7364 -10.0461 -9.77978 -9.28601 9.37109 8.75459
-20.8373 -12.4258 -16.4072 -29.1648 -31.2511 -25.853 -17.087 -29.0852 -40.1479 -39.4369 -23.8838 0.934944 44.6374 -45.5756 -38.8333 -9.04616 -6.25492 -7.22931 -11.9499 -13.4396 -11.5892 -8.03308 -12.4896 -16.2881 -15.0732 -7.32378 2.10368 18.1472 -18.8873 -13.5805
1.34367 -0.71332 12.7222 25.5355 22.3985 8.38438 -2.84266 6.69029 19.3801 24.6462 20.9362 11.0536 -23.0399 23.4884 20.2647 -1.92247 -1.88557 -1.12614 1.3502 2.21766 0.321037 -0.90015 1.15589 4.4553 7.19137 5.70679 2.94119 1.60662 -1.30688 -3.44895
5.33064 6.37642 -4.54944 -14.9075 -11.1352 1.16462 18.7331 18.6554 15.4953 3.61485 -11.0263 -18.41 6.92552 -6.73809 -8.0645 1.18015 1.00745 -2.39706 -5.80176 -4.16166 -0.169845 6.9148 6.9953 5.8492 1.12327 -4.39128 -6.75852 3.21592 -3.32788 -2.52368
-6.73264 -6.98101 -22.5493 -33.3635 -22.1308 -6.79726 -3.36346 15.7893 49.1669 66.2327 52.6673 21.9932 34.0822 -34.2506 -33.0029 -4.81141 -5.60336 -16.309 -24.544 -16.1739 -5.73605 -1.70192 4.91317 17.2023 26.0272 19.5597 8.16739 23.697 -24.2556 -20.2374
1.21523 1.32045 1.16897 1.45527 -0.21243 -0.764682 1.29213 -0.171668 -1.13167 -0.180126 1.05546 -1.53537 -1.97459 1.81437 2.95058 3.57101 9.38758 11.5843 6.99231 -1.57255 -3.20428 10.3127 10.8626 11.304 12.2358 8.42564 -4.79317 -9.15818 9.25782 8.53905
-0.770489 -1.27928 -14.1413 -24.2953 -14.4746 -1.47457 0.0990015 -13.6573 -40.2618 -51.1146 -40.308 -13.7811 19.3728 -19.4963 -18.5855 -0.963925 -1.16739 -8.52737 -15.0753 -8.66634 -1.36297 -0.0111239 -12.4557 -36.428 -47.2409 -36.5224 -12.4737 11.8549 -12.0414 -10.6916
-11.0525 6.63921 -0.898485 -26.7875 -41.0964 -30.1119 -11.5397 -2.9919 8.10429 20.3567 27.485 21.7452 34.621 -35.1531 -31.3204 -6.46821 -1.04254 -4.88724 -16.5796 -21.5148 -14.2689 -4.82306 -1.76232 2.45991 7.48276 10.2788 8.36449 20.3377 -21.0083 -16.1984
0.955802 4.30816 0.673236 -6.21098 -7.73453 -3.1158 -8.97715 -11.4882 -13.1812 -9.23865 -1.11783 5.88304 4.11045 -4.05924 -4.41886 0.0440818 0.561532 -0.517304 -2.57359 -2.61695 -0.935015 -2.89626 -3.60315 -3.92722 -2.39994 0.421025 2.23373 1.87369 -1.93979 -1.46516
3.36328 7.41373 8.42058 4.66403 -2.04409 -2.53923 -6.67244 -6.23373 -6.79739 -7.90521 -5.48926 3.8813 -6.84407 6.83502 6.89136 2.12308 5.76565 6.85154 3.03438 -1.32408 -1.24941 -8.49062 -10.7682 -11.7708 -10.2516 -4.94442 3.93613 -4.74679 4.91776 3.693
-17.7182 -21.5648 -36.0245 -41.2487 -27.351 -14.759 21.861 17.2496 4.3303 -10.4409 -20.6214 -23.2703 52.2698 -53.3236 -45.7484 -6.94761 -8.54195 -14.1705 -16.5245 -11.3554 -6.88116 10.3326 8.21608 2.98176 -4.4108 -9.66187 -11.2171 19.5693 -20.3825 -14.5504
-2.95628 -4.80286 -11.242 -13.9652 -9.00098 -2.86414 -9.53846 -9.05244 -6.02907 0.763402 7.20388 9.70515 14.8039 -15.0988 -12.9793 -0.500249 -1.08087 -2.70055 -3.44828 -2.26012 -0.881396 -3.28834 -3.24435 -2.36091 0.0437343 2.39949 3.31108 3.01121 -3.2161 -1.74769
5.06347 -9.34722 -10.1113 6.23544 20.0086 18.267 -6.61752 -16.3183 -25.9394 -22.9146 -12.6635 -1.02887 -9.64788 9.92972 7.9097 -0.0110505 -4.14941 -6.87859 -1.94108 4.91119 4.67727 -3.35581 -7.0847 -11.1051 -10.5375 -5.37875 0.0952868 1.76726 -1.62503 -2.63919
-12.9837 -18.6927 -35.8189 -41.3939 -25.5058 -10.0202 -29.4136 -24.7645 -10.7511 7.96254 23.0511 29.7792 47.8669 -48.736 -42.4814 -5.80817 -7.97312 -14.6702 -17.5297 -11.4559 -5.7153 -13.5333 -11.9261 -6.38881 2.72798 10.2302 13.4268 19.3721 -20.1254 -14.7224
-7.66793 -18.3548 -28.3132 -22.7459 -7.29457 0.0488341 -13.1502 -7.85373 3.06771 12.8443 16.7434 15.6929 27.5045 -28.1488 -23.5241 -2.21166 -5.13502 -8.6932 -7.07311 -2.51474 -0.994728 -4.83891 -3.71487 -0.622423 3.70903 5.90371 5.68785 7.73101 -8.15366 -5.12481
4.48654 -1.71529 6.14899 17.4403 17.3355 9.41602 4.19005 1.27509 -4.65707 -6.27238 -5.86415 -5.10006 -18.9745 18.8989 19.4131 3.01559 0.591337 8.17549 18.1029 16.5804 7.54038 2.64969 1.20423 -1.29788 -3.70345 -4.31704 -3.72482 -17.5627 17.9734 15.0224
0.903695 0.691433 9.10206 14.1972 9.80083 1.40579 -0.228151 5.75223 14.895 14.8438 14.6008 5.95321 -13.2857 13.1117 14.3322 0.476768 0.975821 13.5795 23.2515 14.4593 1.51488 -0.436358 12.0164 33.9403 40.9353 34.0305 12.6689 -18.6464 18.7602 17.92
-0.983974 -2.2362 -4.1694 -4.28141 -2.46286 -0.924189 1.44657 6.5331 12.9746 14.8573 10.6594 3.51995 4.58405 -4.80221 -3.24353 1.37744 2.01463 5.21515 6.91779 4.13242 0.76808 -0.799517 -0.24733 1.36193 1.62837 -0.0471657 0.300294 -7.37372 7.35136 7.50491
-6.54994 -24.0575 -39.4266 -27.8489 -2.0776 7.62654 5.35338 16.9152 30.0778 25.7359 12.1786 1.85687 31.0782 -31.5136 -28.3746 -3.35495 -10.3445 -21.3946 -16.4646 -3.78955 0.280779 1.33706 4.47042 8.87494 7.80314 3.32254 0.4526 17.2426 -17.8167 -13.6968
-7.4369 -6.82102 -29.0479 -48.2931 -36.7895 -12.8283 -1.89879 -4.33213 -8.51113 -9.60633 -6.07732 -0.775355 47.0939 -47.8569 -42.3571 -2.06913 -2.48843 -7.95423 -14.1641 -10.7846 -4.28923 -0.818306 -1.58332 -3.06791 -3.58974 -1.96331 -0.00955317 12.0865 -12.7561 -7.95657
-1.15225 -9.23368 -3.21418 11.1735 19.004 11.2936 -11.8396 4.819 29.0357 39.7556 36.6254 23.941 -8.63551 8.97508 6.54428 -2.5001 -4.59351 -5.36119 -1.68413 2.61716 1.24748 -4.80077 1.25153 10.2848 17.1993 16.2569 10.2547 3.98576 -3.90621 -4.47143
-0.581204 0.955813 0.847562 -0.211444 -0.700461 -1.20948 17.9834 6.53318 -11.3348 -25.2737 -32.5779 -27.7153 0.497813 -0.451686 -0.780349 -0.509083 -0.0502257 -0.00678602 -0.600721 -0.945851 -0.823691 10.9682 4.32926 -6.35581 -15.6628 -19.7965 -16.6266 0.990458 -1.00251 -0.915157
2.18025 13.635 37.2804 42.007 19.1377 -2.25245 -0.474854 -2.00932 -4.12663 -4.73359 -3.21323 -0.988548 -37.3566 37.9868 33.4504 -2.72703 0.947907 5.18234 4.16717 -0.788111 -2.69589 0.456674 0.38917 -0.20167 -0.645597 -0.278117 -0.297965 0.604075 -0.100964 -3.69776
0.197507 0.275861 0.85665 1.19086 0.788681 0.24453 0.0119391 0.791695 1.88026 2.17252 1.78618 0.730677 -1.18273 1.2032 1.05587 -0.167611 -0.134409 -0.358875 -0.451372 -0.294521 -0.0677737 -0.0341974 0.19164 0.640258 0.9739 0.636123 0.235663 0.606629 -0.583595 -0.747219
-26.8843 -16.7002 -4.73305 -4.49004 -6.48475 -19.4321 -1.01376 -0.832425 -0.677258 -0.486205 -0.232771 0.365866 26.0808 -26.5392 -23.2363 -10.8821 -6.66698 -2.07585 -1.68971 -2.48642 -7.49706 -0.310224 -0.39191 -0.186818 -0.0823177 -0.055571 0.116632 9.73865 -10.0675 -7.70543
5.00698 -4.83359 -11.9281 -5.03399 8.10296 12.6383 15.2337 11.6325 0.0944397 -11.7731 -17.0305 -16.5114 -0.622578 0.84265 -0.725914 0.880119 -1.8708 -4.68264 -2.98725 1.70045 3.06613 6.44808 4.9618 1.36493 -3.71923 -6.84808 -7.30705 1.39844 -1.39372 -1.42552
0.647462 1.47796 7.26172 11.1774 7.67351 2.24247 -0.244159 -4.6263 -10.7397 -13.4757 -10.2233 -4.10235 -9.62932 9.95663 7.61279 -2.83306 -2.4518 -9.8616 -14.2867 -9.65424 -2.40752 -0.00923338 3.39581 7.62618 6.92552 7.83946 3.46609 15.389 -15.1931 -16.5725
-3.30212 -3.12141 -1.37506 -2.07287 -1.7853 -1.06491 -13.1479 -35.6336 -64.835 -63.3766 -37.2392 -5.80329 5.08794 -4.92741 -6.06684 -2.94628 -4.29556 -8.14912 -8.53197 -4.6361 -2.00611 -5.82112 -14.7376 -27.5501 -27.1064 -13.7456 -1.11067 10.1895 -10.3613 -9.12483
-0.0395182 1.03786 4.83391 6.69118 4.34308 0.663903 0.403101 -3.91853 -9.43874 -11.966 -9.84791 -4.63296 -5.70041 5.83845 4.84791 -0.542083 -0.316779 -0.168041 -0.0972766 -0.169914 -0.257237 0.113982 -0.658855 -2.05868 -3.10686 -2.20214 -0.896721 0.828126 -0.76077 -1.24164
-1.07715 -1.04264 -13.1845 -22.4097 -15.1059 -2.73981 0.727204 -2.77554 -9.29205 -11.696 -10.0416 -4.13886 19.2961 -19.3686 -18.8244 -1.10226 -1.58275 -7.82367 -13.0331 -8.39374 -1.97833 0.325806 -3.2643 -9.20018 -11.9561 -9.7688 -3.9542 10.9017 -11.1764 -9.19975
-3.78583 -16.1417 -24.8076 -15.8557 -0.0461524 5.11079 2.16849 0.760627 -1.88578 -3.97345 -4.31339 -3.29615 18.0154 -18.4679 -15.2216 -0.866029 -3.92258 -7.18707 -4.66278 -0.0829286 0.743571 0.808209 0.525243 -0.192562 -0.99731 -1.23469 -1.05592 4.59598 -4.85682 -2.98711
4.66705 -3.54144 -2.25292 7.16362 11.6177 9.95455 -10.1854 -5.39482 9.07278 13.0236 11.8818 10.4536 -9.91211 9.85934 10.2222 3.07449 -2.37853 -1.78974 5.58618 10.6563 8.58677 -12.0272 -4.61298 9.16804 17.0622 18.4044 15.8101 -7.49594 7.74163 5.9809
6.17848 23.2032 25.0255 6.62286 -12.7545 -11.1427 -11.8643 -12.196 -12.8606 -10.1556 -1.01488 9.14993 -11.5956 12.0416 8.85162 -0.330213 4.55976 5.10395 -2.12385 -6.94134 -4.34178 -4.28271 -4.54446 -3.9671 -1.46349 2.2387 3.95961 2.04942 -1.90332 -2.94564
-1.89803 -1.11434 0.411536 0.499524 0.514336 -1.03943 -2.40689 -2.05459 -0.202765 0.0569287 0.401848 2.41772 1.235 -1.14241 -1.79987 -8.11655 -5.82217 -1.57354 -1.07724 -0.658368 -4.68044 -13.4085 -11.7051 -4.70514 -0.53427 3.83654 11.5505 7.80604 -7.78349 -7.93361
5.33027 16.6066 26.4253 21.0729 2.29744 -6.68906 -4.85757 -2.84361 -0.692176 -2.04488 -3.20781 2.89475 -22.7836 22.8367 22.4307 1.32815 7.67587 17.0555 14.0388 2.92078 -1.73504 -3.30113 -6.03815 -8.55381 -7.99329 -4.51398 0.330584 -12.7658 13.2478 9.7924
3.55101 -5.93382 -9.27021 -2.42116 9.62176 13.278 -35.3918 -19.6743 8.86675 28.2576 38.7618 41.6992 -1.98507 2.30788 0.00602452 -0.911721 -3.40397 -5.23518 -3.67912 1.15689 2.36811 -23.2162 -13.5456 2.34132 15.3041 23.7544 27.3103 3.56918 -3.53309 -3.78605
-0.387726 0.0200139 0.0156985 -0.401103 -0.606542 -0.527283 1.89092 4.53396 7.57809 7.77916 5.06857 0.845766 0.66374 -0.664664 -0.657236 -0.124948 -0.134158 -0.231999 -0.322294 -0.218219 -0.115136 0.993774 2.15921 3.66194 3.78396 2.28524 0.182847 0.359546 -0.371336 -0.286681
-10.9771 -6.16998 -1.3635 -1.60368 -1.99992 -7.47603 44.8516 34.9173 11.3191 -1.73589 -14.6476 -36.9292 9.99514 -10.1037 -9.3147 -7.30176 -4.20061 -1.26626 -1.52043 -1.58938 -4.89929 41.7994 31.9244 10.6935 -1.13956 -13.0603 -33.8269 6.97217 -7.05714 -6.44003
0.142544 -0.0655015 -0.360751 -0.380726 -0.225132 -0.113044 0.0227606 0.354718 0.6935 0.855398 0.337593 0.21673 0.14596 -0.209655 0.243771 1.26079 2.75275 6.2603 7.14314 3.3938 -0.399805 -2.15482 -3.97335 -6.48716 -7.0701 -6.69389 -1.02661 -7.40509 7.3499 7.73422
-1.11823 -2.27923 -26.1662 -42.6021 -25.771 -2.07146 -0.327208 -8.47995 -21.0448 -21.1793 -20.9729 -7.96311 35.0831 -35.0874 -35.0034 -1.08997 -1.72352 -17.217 -30.7574 -17.0536 -1.60549 -0.187535 -12.8822 -36.7205 -45.1535 -36.2606 -12.437 23.2087 -23.5209 -21.2563
0.954216 1.58148 24.1866 39.4511 24.8981 2.2087 -0.297548 14.8498 39.7553 44.2217 39.9376 15.3803 -33.0773 32.9894 33.5671 -0.216708 0.380436 11.8566 23.323 12.4519 0.675537 -0.215693 15.9482 46.9957 60.3322 47.3495 16.3781 -15.5462 15.9435 13.0837
3.83947 2.66086 0.36825 0.147318 0.423057 2.57101 -8.44741 -7.44514 -2.88854 0.0530346 2.86846 7.27337 -3.48824 3.49971 3.4134 2.95811 1.82407 0.14277 -0.128761 0.323332 1.90253 -11.6816 -9.6455 -3.7285 0.134256 3.85748 9.58694 -2.23104 2.29666 1.82542
4.80983 5.28097 10.4892 13.469 9.46784 4.60659 12.588 12.7736 9.84632 5.3051 -1.36134 -9.36723 -16.213 16.4382 14.8145 0.747845 1.38228 3.7539 5.06652 3.8515 1.65887 5.74447 5.91959 4.89964 1.69059 -2.43565 -5.07358 -4.69828 4.98527 2.92991
4.29456 12.153 15.834 10.34 -1.56066 -5.0201 11.8118 11.9702 13.0904 15.2801 12.032 -5.19049 -12.6734 12.6952 12.5255 1.87393 9.30845 13.7066 7.07562 -1.82105 -3.3866 14.5424 20.4369 24.6148 22.5855 12.7921 -4.8344 -8.24285 8.57712 6.18409
-0.597795 2.41005 10.9272 14.3724 8.68392 0.359327 0.140539 -8.83233 -20.5318 -25.3208 -21.4188 -9.45792 -11.7482 12.0367 9.9667 -1.62189 -0.655143 -0.0932273 -0.317006 -0.964771 -1.24168 -0.0308501 -3.24751 -8.0079 -10.8809 -8.21371 -3.3058 2.30197 -2.1655 -3.13916
0.07339 -0.0645457 -0.171986 -0.129323 -0.0989285 -0.0695941 -0.0611816 -0.316002 -0.476425 -0.563124 -0.235743 -0.155123 0.0348735 -0.0735875 0.201985 0.771617 1.32941 3.46288 4.296 2.319 0.0993939 0.929024 2.30289 4.23088 4.57874 4.28013 0.982355 -4.44617 4.41437 4.63551
2.8116 1.45404 -0.0225369 0.218113 0.738204 2.15104 30.6444 24.1624 8.21184 -0.86922 -9.82247 -25.1976 -2.43936 2.4776 2.20113 1.60155 0.820947 -0.0131223 0.0312224 0.368196 1.16361 29.8307 23.4195 8.40323 -0.466703 -9.36421 -24.2236 -1.2319 1.2781 0.946949
-2.00213 -4.86437 -6.57658 -4.39612 0.208566 1.44546 2.41778 11.5568 22.5933 24.3874 16.2223 5.40382 5.5808 -5.62111 -5.3273 -0.789151 -1.74477 -3.46754 -3.21579 -1.08271 -0.158312 0.575128 2.31727 5.09748 5.99147 3.2604 0.727308 3.31742 -3.41502 -2.71405
-0.134117 0.0196145 1.7869 2.98797 1.64132 -0.00359942 -0.158875 -9.2796 -24.9819 -30.7666 -24.7804 -8.9379 -2.15039 2.16448 2.06026 0.0255273 0.0974588 0.964149 1.63934 0.94172 0.106257 -0.302036 -7.9421 -20.6902 -26.1467 -20.3556 -7.3681 -1.2157 1.24772 1.01777
-3.67786 -2.70408 -1.28368 -1.20808 -0.964174 -2.21335 -34.3556 -28.9514 -11.8229 -1.64655 8.598 26.7981 4.02634 -4.08649 -3.65199 -2.16328 -1.68281 -0.855702 -0.765358 -0.52085 -1.24756 -34.654 -28.6162 -11.5459 -1.37288 8.84644 26.855 2.41895 -2.44911 -2.2299
-4.47358 7.24081 5.42535 -9.03833 -20.7603 -17.148 14.4433 5.35566 -7.8419 -19.1322 -25.8732 -22.5626 12.8063 -13.0595 -11.2411 -2.37952 1.22939 0.43897 -5.86785 -10.1122 -7.06786 7.22835 2.94221 -3.39114 -9.94957 -13.3678 -11.3906 7.45677 -7.70252 -5.93965
-21.1926 -11.715 -2.03119 -2.56027 -3.27633 -13.9241 78.8106 59.754 19.0569 -1.91619 -23.163 -62.9577 18.7779 -18.8928 -18.0447 -23.2948 -14.1509 -3.57407 -4.37545 -4.53262 -15.6588 61.2894 44.1581 13.9496 -1.58891 -17.578 -47.601 22.8034 -22.8644 -22.3948
0.130135 -0.443781 -0.973999 -1.68414 -0.481673 -0.065669 -0.223977 6.78896 18.5399 21.4854 18.5707 7.08185 0.624041 -0.808045 0.503214 1.49993 2.33482 21.9542 33.0036 21.831 2.15074 -0.230499 2.62081 9.95928 15.427 9.87262 2.9261 -30.1749 29.8782 31.9509
-5.43923 0.674331 -3.96544 -14.6504 -18.3782 -12.503 -8.63299 -1.73708 7.95621 16.9359 20.8178 15.7207 17.8653 -18.2372 -15.5665 -1.23696 -0.231688 -0.693189 -3.59331 -5.22511 -3.36589 -3.15953 -0.752076 3.04486 7.09779 8.34035 5.92846 3.96855 -4.2448 -2.26613
-2.81564 -1.37494 -15.2819 -27.7295 -22.6058 -7.75167 37.6192 34.4591 22.7504 3.47065 -18.647 -34.7709 26.3382 -26.6247 -24.5482 -2.45515 -2.60653 -8.21308 -13.4214 -10.0486 -3.97811 17.4121 16.1135 11.2146 1.58594 -9.20587 -16.164 12.768 -13.1852 -10.1903
-1.88237 10.5596 21.9178 13.5323 -2.24315 -8.18884 -13.5795 -29.1084 -46.0634 -46.7795 -30.3563 -3.85561 -10.2656 10.7204 7.46566 -2.44174 -0.0768444 1.93807 -1.10597 -4.01495 -3.42234 -4.60578 -10.3475 -18.0436 -17.482 -8.39784 -0.200524 3.54735 -3.48472 -3.93115
0.0721931 0.41102 1.10478 1.27831 0.640793 -0.00844286 -0.0483262 -1.47572 -3.3049 -3.95693 -3.20379 -1.36907 -1.16066 1.18157 1.03115 -0.0741133 0.0429273 0.218376 0.233556 0.091424 -0.0362273 -0.0888636 -0.571907 -1.292 -1.62332 -1.16228 -0.396935 -0.095578 0.114233 -0.0190973
-3.60189 -4.23238 -18.516 -29.7982 -21.6018 -6.82192 -1.98462 -1.86708 -1.40129 0.282654 2.02452 2.28761 27.8327 -28.3945 -24.3542 -0.36567 -0.878694 -3.20069 -5.56669 -3.86044 -1.25129 -0.492349 -0.170343 0.378448 1.05192 1.41918 0.946024 3.98708 -4.31808 -1.94612
-0.110408 0.527862 12.136 22.6176 12.0707 0.412489 -0.161544 -23.9897 -71.2003 -91.1669 -70.6934 -23.5769 -15.7403 16.0059 14.0855 -0.55713 -0.247242 2.00052 4.68883 1.69014 -0.478596 -0.289559 -17.6904 -54.178 -72.8473 -53.8398 -17.1582 -1.95084 2.08818 1.1035
6.80309 -8.77643 -1.98619 19.9257 31.5935 23.4525 -22.0726 -7.75255 20.3103 31.8441 31.4614 27.1911 -23.5719 24.0163 20.8236 -0.168573 -4.50401 -3.31977 5.07113 11.7429 7.53308 -13.8278 -4.8663 9.25263 20.2676 23.484 20.0263 -4.11099 4.54142 1.46296
-0.648661 -1.31644 -0.75618 -0.597114 0.639651 1.09763 -20.4556 -33.6243 -40.693 -30.5931 -13.9045 7.11418 0.762002 -0.711306 -1.07239 -0.579492 -1.56067 -1.88751 -1.0543 0.0478907 0.282978 -15.3409 -24.7017 -30.7119 -24.0279 -11.0647 5.45569 1.58231 -1.61015 -1.41
-0.189323 -0.240286 -1.6953 -2.82682 -1.62471 -0.190708 -0.0444078 -1.77321 -5.02449 -6.69836 -4.98289 -1.69718 2.31984 -2.33474 -2.22497 -0.102484 -0.170453 -1.01286 -1.69784 -0.934968 -0.11183 -0.0742207 -1.12183 -3.12665 -4.12008 -3.03219 -0.979569 1.32533 -1.34908 -1.17748
1.81723 -3.73192 -1.91263 5.63217 10.3564 7.8138 -6.05196 -9.23846 -10.8112 -7.16932 -1.54344 3.19444 -6.60133 6.73127 5.79768 0.0580314 -1.1112 -0.983899 1.35606 3.05288 1.85761 -2.25633 -3.10362 -3.69687 -2.47654 -0.064068 1.60997 -1.08253 1.18635 0.443264
1.49774 5.09793 18.1609 24.1736 14.2468 1.81795 -0.326078 1.40653 3.83412 5.10247 4.05535 1.93744 -21.6334 22.0077 19.3136 -0.938601 0.151532 2.62583 3.74936 1.89207 -0.145847 -0.228164 -0.176733 0.125596 0.473773 0.238548 0.209258 -1.46576 1.73982 -0.221958
3.15385 17.9396 33.4838 26.3655 4.00686 -7.22715 -10.7512 -18.6082 -27.2158 -28.953 -20.7113 -1.04457 -25.9059 26.3533 23.1355 -1.09587 3.26667 9.74128 6.56244 -0.389377 -2.22633 -3.3339 -8.14702 -14.4076 -14.0479 -6.92798 -0.507647 -3.96617 4.37501 1.44828
1.32456 2.29005 16.6289 25.6299 16.6208 2.56886 -0.377075 10.6019 27.5569 31.0072 27.3549 11.0334 -22.5725 22.6724 21.9301 -0.71161 0.321617 6.06023 10.9098 6.18012 0.420141 -0.233132 10.4177 27.7007 34.9933 27.6923 10.6947 -6.84574 7.18979 4.72317
0.297636 1.26771 6.56132 9.81473 6.73526 1.67586 -0.353277 4.62236 11.9583 15.2072 12.2176 5.24514 -8.37731 8.64534 6.72543 -2.34036 -2.3954 -9.32589 -12.9338 -8.60977 -1.82111 -0.581775 -3.28941 -6.24003 -4.73499 -6.01628 -2.34724 13.9058 -13.7214 -15.0198
16.053 10.0616 1.09197 1.26477 1.83614 10.7022 -26.3962 -23.5752 -8.36092 0.51353 9.05865 23.4394 -14.6676 14.597 15.0793 15.5253 8.7275 0.694481 0.29432 1.13168 9.38677 -44.2341 -35.9667 -12.8091 0.319121 13.2771 36.2085 -11.8203 12.0252 10.546
0.963908 0.784889 9.74379 15.4837 11.1555 2.33594 0.870396 -4.76078 -12.9728 -13.292 -12.8721 -5.9207 -14.4955 14.4262 14.901 -0.174634 0.472661 7.78379 13.7624 9.07267 1.43594 0.764752 -8.16168 -21.964 -26.7645 -22.4097 -9.39752 -10.4309 10.6894 8.83053
-0.426707 0.258404 -2.0506 -3.26422 -2.55857 -0.438277 -0.0208053 0.664459 0.802976 -1.78474 0.829789 0.703967 3.62789 -3.43576 -4.79883 -2.10227 -2.16141 -15.8934 -24.8462 -16.4601 -2.4827 -0.236034 7.33165 19.9648 22.7366 19.93 7.64868 23.038 -22.8821 -23.9607
-5.42858 -0.387381 4.44902 1.38346 -4.55858 -6.6138 8.81932 31.7762 63.9332 73.4181 52.3566 14.5823 4.54324 -4.37514 -5.56867 -4.59616 -3.32695 -5.94529 -9.80308 -9.00633 -5.36002 4.39291 12.5969 25.1163 29.8912 18.4751 3.8601 12.8618 -13.0236 -11.8551
-3.97895 -3.66695 -15.373 -23.6905 -15.4745 -3.52653 0.465833 -21.6347 -62.2469 -81.9739 -62.306 -22.3234 23.398 -23.3021 -23.9506 -4.37539 -5.0198 -19.8384 -30.8135 -19.8832 -5.19699 0.303849 -7.46359 -23.3145 -34.5032 -23.6333 -8.01085 28.7284 -29.0681 -26.6051
-0.585394 0.0553246 -4.26404 -7.62494 -4.5219 -0.0533912 0.725465 -7.83569 -21.0055 -27.4344 -21.3887 -9.05147 6.76561 -6.53224 -8.18431 -2.8297 -3.10915 -10.0557 -15.0517 -9.56638 -2.72378 0.347224 -0.409681 -2.17097 -4.53123 -2.63998 -1.11505 14.8547 -14.9787 -14.0755
1.74263 2.0581 1.97595 2.18322 -0.337631 -1.13397 -1.60871 0.00667195 0.73151 -0.645017 -2.06386 1.73196 -2.96043 2.74331 4.28256 4.06404 11.73 14.7958 8.91997 -1.67227 -4.03675 -12.644 -13.6646 -14.3128 -15.3727 -10.5477 5.57374 -11.4703 11.6249 10.5126
-0.0180849 -0.0478506 -0.0132718 0.0218365 -0.0219416 -0.0631134 -0.0382453 0.02315 0.0381335 0.124323 0.0524266 0.0775582 -0.00484992 -0.011822 0.106831 0.37941 0.33959 1.63119 2.56424 1.59034 0.274846 -0.026738 -0.872968 -2.45329 -2.79957 -2.49955 -0.838108 -2.45915 2.43785 2.58612
-6.69881 -18.9318 -19.4622 -5.32822 8.93802 7.03541 12.8428 -1.59235 -22.3029 -32.4186 -30.5988 -22.1466 11.4045 -11.6253 -10.0393 -2.94163 -6.59833 -8.22045 -3.46744 1.70048 0.714941 4.39843 0.168328 -6.1535 -11.0427 -10.8933 -7.77463 5.80138 -6.02217 -4.43923
1.73977 6.39748 6.00284 0.0967631 -3.73186 -2.11641 11.3408 15.2176 17.6468 13.7725 4.3202 -5.84981 -2.13064 2.3732 0.643409 -1.15484 -0.551986 -1.59652 -3.61217 -2.98356 -1.30534 3.55794 4.84116 5.57814 3.64685 -0.0439009 -2.38411 4.0069 -4.00257 -4.02974
-3.88172 4.90978 -1.43422 -15.6871 -18.1112 -10.769 -41.5463 -53.5687 -53.4025 -37.3671 -10.4562 22.1746 16.0289 -15.9787 -16.315 -4.72864 -1.66229 -4.55266 -11.1469 -11.2843 -7.31892 -23.3541 -28.3544 -27.1861 -17.9247 -2.60185 14.0264 13.2881 -13.5753 -11.5088
-1.56004 -2.57777 -27.8884 -47.4655 -27.2081 -2.21906 -0.147995 -17.8938 -52.4822 -65.6063 -52.2207 -17.5328 37.4787 -37.6844 -36.1582 -1.32105 -1.64432 -14.4675 -26.6449 -14.1419 -1.58334 -0.326397 -16.9439 -50.6744 -65.9633 -50.2157 -16.2869 19.7157 -20.0549 -17.6023
0.680982 0.269665 1.77781 2.51258 1.83819 0.403334 -0.0815213 -0.387205 -0.936023 -2.54415 -0.984696 -0.271875 -3.08226 2.94549 3.91484 0.781923 1.38049 14.5539 22.9685 15.0143 1.88081 -0.426953 9.58833 24.3623 26.0427 24.353 10.164 -20.0033 19.9806 20.1146
-3.39158 -14.9521 -18.4026 -7.50507 6.61448 8.04473 -13.1129 -1.57391 17.0492 28.0948 27.5589 20.4608 10.0043 -10.1355 -9.18936 -1.5078 -4.72897 -7.19188 -3.9263 1.04521 1.15935 -4.79752 -2.06906 3.21483 8.4884 9.25137 7.07677 4.63582 -4.8209 -3.4937
1.40259 -1.02452 -0.99621 1.42227 2.23151 2.22726 -1.96763 -1.53922 1.95714 1.90447 1.16925 1.31898 -2.23092 2.11081 2.96164 4.40659 -1.96031 -1.87002 5.18596 9.11403 8.40526 -8.52395 -4.78248 5.47277 9.1728 8.796 8.57795 -8.0632 8.11544 7.73421
6.121 4.69913 0.934205 -0.632554 0.682284 4.50649 -16.9679 -14.8256 -7.49943 -0.00180773 7.45642 14.8388 -4.9658 5.19637 3.54809 -2.50084 -1.7539 -1.64438 -2.62423 -1.66094 -1.74604 -8.03399 -6.3565 -3.19145 -0.0290552 3.15584 6.42565 4.45475 -4.39644 -4.80795
-1.17174 -2.57359 -6.72955 -8.17407 -4.88362 -1.1921 -0.500135 -0.940566 -1.38508 -1.29171 -0.643269 0.061845 8.0347 -8.23159 -6.8186 0.301191 0.0211239 -0.476549 -0.489585 -0.096706 0.0520826 -0.0540103 -0.0345885 -0.0126658 0.096351 0.294799 0.175212 -0.14271 0.050384 0.710794
-2.36982 -5.92473 -7.65081 -5.51157 1.38307 3.94757 5.60875 22.9337 45.434 45.8324 27.8992 7.89588 6.65868 -6.38065 -8.35314 -2.5759 -5.77995 -13.6345 -13.9172 -5.63016 -0.485589 0.76091 5.07999 12.3209 12.8629 5.93956 1.58822 14.1449 -14.3417 -12.9218
0.434599 6.28471 6.07359 -0.915303 -7.18151 -5.79644 -4.74893 -1.90146 2.20395 7.112 10.0124 8.10996 0.438037 -0.425993 -0.511557 0.0250995 1.28134 1.59629 -0.480874 -2.23746 -1.40375 -1.59151 -0.89895 0.422731 2.26084 3.13999 2.51812 0.390577 -0.400458 -0.329295
-11.7744 -7.82717 -1.59159 -0.516699 -1.50312 -7.94379 -0.751179 -0.563727 -0.186057 0.081667 0.288243 0.569864 10.2725 -10.4682 -9.05928 -5.23226 -3.36697 -0.791684 -0.31462 -0.750693 -3.42882 -0.463875 -0.408564 -0.177847 0.00325528 0.163841 0.389314 4.40856 -4.53113 -3.64949
16.8876 10.0529 1.15762 1.80015 2.72053 11.9406 20.4741 18.8462 6.57582 -0.743943 -7.69531 -18.8578 -15.8828 15.8256 16.2114 14.4948 7.77513 0.786788 0.880375 1.89168 9.49896 35.6829 28.6472 9.94424 -0.812692 -11.5792 -29.8196 -11.6562 11.8637 10.3663
10.0006 17.906 14.0448 1.83295 -7.90655 -2.30693 23.178 23.2524 21.4893 16.5015 2.96359 -16.9193 -10.7597 11.0808 8.78098 3.00365 6.22189 4.35938 -1.34294 -4.07892 -1.15807 16.9111 17.9592 14.7702 8.65708 -0.928269 -11.7917 -1.74353 1.93273 0.580068
-8.26476 -8.41499 -25.1708 -38.109 -28.1796 -11.1226 0.88408 8.25348 18.9863 24.451 18.3173 6.75878 39.6648 -40.3474 -35.4329 -2.14061 -2.78126 -6.83432 -10.6898 -7.8004 -3.47807 0.425023 1.47327 3.62284 5.319 3.19432 0.682563 9.66329 -10.2269 -6.18699
-2.72839 -1.44701 0.819785 0.840156 0.42669 -1.84745 3.25035 3.04723 0.358346 -0.487848 -1.11906 -3.17487 1.75067 -1.64154 -2.41614 -10.0536 -6.04803 -0.951408 -1.28736 -1.69978 -6.87045 15.1123 12.9591 4.26753 -0.855578 -5.67082 -13.4176 9.58988 -9.55844 -9.76959
-0.434787 0.216913 0.66704 -0.225056 -0.799164 -0.636627 13.2816 19.8067 23.4266 18.7778 9.33878 -5.00981 0.429023 -0.431246 -0.415129 0.0187902 0.2309 0.791908 0.72986 0.251316 -0.0693561 10.7188 16.6948 20.804 17.3019 8.7625 -3.54984 -0.681485 0.687031 0.64721
1.46581 5.52932 6.77359 2.77729 -2.29397 -2.54703 -4.43794 -5.85228 -7.28806 -6.50156 -2.82895 2.09286 -3.7943 3.89342 3.18291 0.163742 1.11374 1.6209 0.416678 -0.743713 -0.524465 -1.65912 -2.30021 -2.72813 -2.07252 -0.479226 0.926747 -0.501829 0.557169 0.161188
8.25377 -4.38151 -3.52712 9.95573 17.7303 16.4687 15.9289 9.6064 -10.055 -16.3785 -15.563 -15.239 -15.57 15.6172 15.262 4.02152 -2.32251 -1.94616 6.39448 13.018 10.9214 16.3303 7.72667 -8.16956 -18.4292 -21.5879 -20.2945 -9.28509 9.65028 7.03449
-0.378321 0.0905938 3.70394 6.58983 3.25845 -0.396028 0.735713 -15.3157 -44.6739 -56.9697 -45.9789 -16.9081 -4.21051 4.28922 3.72006 -0.44462 -0.187766 0.630167 1.3648 0.109699 -0.611724 0.172654 -12.1911 -35.4575 -46.7884 -36.2914 -12.7982 -0.158086 0.19457 -0.0665995
-0.497989 5.02951 2.59021 -6.07068 -11.4077 -7.50968 8.022 9.19918 10.113 7.14991 0.339712 -5.94101 5.8765 -6.00463 -5.08527 0.472303 1.45009 1.65943 -0.438074 -2.28055 -1.23198 2.47429 2.88894 3.11365 1.85224 -0.553037 -2.08606 -0.200289 0.12112 0.687294
-5.70723 -4.4996 -1.24927 -0.392234 -0.25339 -3.18303 -16.5487 -14.2859 -6.06354 -1.16356 3.85394 13.0163 5.18136 -5.23674 -4.83459 -4.29055 -3.1153 -0.864549 -0.420695 -0.253549 -2.29535 -18.8316 -15.9154 -6.65277 -0.991138 4.70707 14.5884 3.77613 -3.82025 -3.49958
-3.06415 -3.17507 -3.812 -4.09802 -3.09375 -2.89917 -2.07329 12.4861 34.427 45.0182 36.8123 16.4284 6.41344 -6.62314 -5.12279 -0.412083 -0.320943 3.53461 6.29364 4.02772 0.00417747 -0.746645 2.49151 8.51679 13.449 9.97233 4.1569 -4.99964 4.91672 5.50447
1.32448 1.36999 9.421 13.0558 8.93799 0.796792 0.0516807 2.19907 8.10806 13.1466 7.96643 2.0858 -13.3336 13.0191 15.2405 1.25587 2.83664 26.6801 42.5078 25.7858 2.1948 0.117208 -5.1464 -13.5165 -14.3458 -13.354 -5.18879 -35.3945 35.4525 34.9873
8.13402 5.12021 0.497229 0.501422 1.31921 5.85897 11.9199 10.6029 3.7957 -0.624811 -4.72062 -10.769 -7.52243 7.53002 7.46591 6.35095 3.81057 0.585052 0.256584 0.9172 4.21112 17.2017 14.0465 5.42154 -0.209049 -5.77914 -14.3066 -5.24647 5.3637 4.52013
-33.488 -20.9191 -4.30603 -3.75191 -4.3955 -21.0782 31.5053 24.3797 8.71718 -0.103164 -8.82944 -24.5579 30.2437 -30.4321 -29.0453 -25.1089 -15.5324 -4.51576 -4.13655 -4.45104 -16.2438 17.8328 12.8627 4.72295 0.176822 -4.54238 -13.1629 23.3049 -23.6545 -21.1265
3.87052 -3.99328 -18.0486 -19.0278 -4.59313 7.6783 -27.002 -24.0981 -11.046 8.24668 22.6181 27.3909 12.3561 -12.2689 -12.8747 0.0465933 -2.26165 -7.93776 -9.63846 -4.1529 0.611026 -11.4799 -10.5174 -6.17799 2.104 8.99443 11.5551 7.47012 -7.66906 -6.23876
-0.224658 -5.27799 -1.68816 6.74831 10.9923 6.58844 -6.90919 2.80216 16.1642 23.5246 22.09 14.5137 -5.61528 5.73516 4.87343 -0.340839 -1.22801 -0.315171 2.43471 3.48679 1.40361 -2.05238 -0.43628 2.44402 5.69137 5.73457 3.81052 -1.60933 1.68884 1.11889
3.09854 18.7459 23.6524 9.72539 -8.96964 -11.593 6.07002 8.57548 11.9902 13.5432 9.11032 -0.710147 -11.0601 11.4085 8.91442 -1.00205 2.94895 4.09178 -1.42679 -5.69324 -3.94009 1.88496 2.8582 3.94121 3.82985 1.62195 -0.63302 2.31499 -2.18893 -3.08846
0.270084 3.6651 3.85289 0.327752 -2.89114 -2.73119 9.24113 4.50387 -2.56424 -9.70601 -14.3575 -13.3478 -0.72592 0.767047 0.472858 0.031518 1.0547 1.52737 0.337484 -1.08539 -0.972808 3.58094 2.07329 -0.446916 -3.6882 -5.59922 -5.10209 -0.272131 0.283903 0.199644
-1.76635 -2.22663 -25.9155 -43.1675 -26.6753 -2.942 -0.313358 9.85189 27.0192 29.9718 27.3391 10.3929 35.9698 -35.994 -35.7662 -1.71193 -2.02878 -16.4848 -29.9754 -16.969 -2.2227 -0.186757 13.8351 40.0378 49.8919 40.312 14.1682 23.092 -23.4314 -20.9727
0.618718 1.81592 4.2794 4.75306 2.21113 -0.0453402 0.884668 2.75682 5.15809 5.84011 4.37074 1.22249 -4.60372 4.66198 4.241 0.133866 0.496944 1.42551 1.68992 0.820971 0.129004 0.363332 1.18136 2.36378 2.73958 1.83595 0.456579 -1.38818 1.45659 0.966122
-3.37239 10.7872 8.56389 -9.86379 -24.7856 -19.5112 -3.09841 -2.70574 -2.36151 -0.417992 2.36832 3.73778 12.616 -12.8651 -11.0754 -1.80781 1.39531 0.805408 -5.59446 -9.77144 -6.26823 -1.376 -1.39489 -1.26147 -0.547097 0.591718 1.32746 6.58575 -6.82598 -5.10327
-12.0795 -7.10387 -1.26479 -1.95232 -2.89405 -8.88303 17.8474 15.4297 4.87816 -0.89281 -6.31917 -15.6857 11.8837 -11.9248 -11.6155 -11.7219 -6.53766 -1.2044 -1.61734 -2.20857 -8.02278 28.3915 22.6516 7.48518 -1.12121 -9.66386 -23.9943 10.5954 -10.7021 -9.92443
0.0925479 3.2031 22.2364 33.3068 19.8912 1.7434 -1.13123 -21.1234 -52.1987 -63.6361 -50.5005 -18.7749 -26.692 27.1585 23.7974 -2.90642 -1.53022 1.0965 3.02049 0.529868 -1.85443 -0.718259 -7.66994 -19.7931 -27.1551 -18.629 -6.21974 1.87095 -1.55744 -3.79795
-7.55079 -9.64406 -41.4505 -62.2648 -38.7706 -7.802 -2.01312 -11.365 -28.6242 -36.8657 -25.9332 -7.38409 57.926 -58.2221 -56.0321 -5.17807 -6.79193 -22.9542 -35.8469 -22.0661 -6.27422 -1.49941 -4.10481 -9.43468 -12.7223 -7.64412 -1.31735 31.7473 -32.5818 -26.5809
0.605485 0.425393 3.90651 6.27899 4.50653 1.03158 -0.165575 2.045 5.39828 5.52942 5.41604 2.26197 -6.02918 5.99116 6.25392 0.3168 0.633588 4.74772 7.74687 5.12473 1.01145 -0.100372 4.83464 12.0441 14.1029 11.9471 4.90938 -6.50576 6.61254 5.842
7.33342 11.3358 7.36564 0.792512 -3.89608 -0.115092 -18.2711 -18.4629 -14.6558 -9.94338 -1.0905 13.1824 -7.50578 7.66458 6.52443 4.15726 6.05217 3.52788 -0.13768 -1.97908 0.356875 -19.4034 -20.0066 -14.1037 -7.56747 1.05356 13.3085 -3.69305 3.83467 2.81965
1.45855 -3.592 -4.15846 1.28729 6.4214 6.08588 3.84933 1.8875 -2.35199 -5.50335 -6.07054 -4.91827 -2.42077 2.48845 2.00361 0.180569 -0.711174 -1.18109 0.053938 1.53813 1.23516 1.42932 0.84429 -0.268501 -1.57985 -2.09171 -1.89125 -0.24751 0.284486 0.0201216
3.15343 17.6868 31.1759 24.2739 3.50798 -7.36243 10.9269 17.6546 24.4893 25.6612 18.0112 -0.0399103 -24.1732 24.5909 21.5884 -1.52817 2.42488 7.82764 4.52077 -1.11287 -2.17675 3.67222 7.74005 12.7258 11.8011 5.20525 -0.393317 -1.95208 2.3398 -0.434083
2.17452 5.31339 9.77457 9.60957 4.24213 0.159054 -6.95915 -4.73752 -0.680978 4.08706 7.87999 8.57179 -10.4347 10.6091 9.35357 0.117523 1.18435 2.90215 2.9131 1.28364 0.0686058 -2.73048 -2.20925 -0.849408 1.424 3.13907 3.29825 -2.33888 2.50367 1.32349
-4.72727 1.66426 -12.9806 -33.3369 -32.2344 -13.8236 7.57138 -3.42798 -23.0575 -38.3992 -37.2423 -20.0591 32.5536 -32.8549 -30.6642 -3.36593 -2.18798 -9.311 -18.9689 -16.4669 -6.78221 3.0916 -0.50242 -7.31461 -14.6765 -14.0855 -7.6276 18.112 -18.6443 -14.8214
7.15964 3.71458 -0.187754 0.656809 1.92298 5.55465 -18.634 -15.5003 -4.54124 1.83171 7.20152 16.0494 -6.49692 6.53171 6.2746 4.91876 2.50554 -0.120051 0.0559596 0.903796 3.37286 -23.4152 -18.5863 -6.17825 1.09191 7.84513 19.2381 -3.73395 3.83054 3.13585
-13.2076 -8.4669 -1.74556 -1.33021 -2.15204 -8.81605 15.2443 11.7037 4.55264 -0.183122 -4.99127 -12.1346 12.1206 -12.2506 -11.3073 -7.9777 -5.2073 -1.73039 -1.42013 -1.63575 -5.2079 6.37597 4.63858 1.89289 -0.069079 -2.10967 -4.88836 7.56187 -7.71909 -6.58631
-5.95746 -26.6404 -49.8148 -36.3195 -4.57061 7.96743 -3.30136 -6.55447 -9.79323 -9.02475 -5.20371 0.15297 38.1657 -38.8831 -33.7233 -2.44918 -9.5735 -21.9163 -16.7645 -3.49956 0.574335 -1.75509 -3.64416 -6.03168 -5.52959 -2.76962 0.150755 16.4394 -17.0795 -12.4881
-3.61716 -14.0018 -19.896 -11.8064 1.31319 4.96122 -10.9109 -19.3804 -24.1681 -17.5918 -6.39266 3.50775 14.2122 -14.4949 -12.4641 -1.63044 -4.83961 -7.99638 -5.41433 -0.632209 0.390021 -3.68317 -6.01688 -7.53019 -4.92263 -0.400148 2.21997 6.13988 -6.39114 -4.58976
-0.444324 -0.792569 -9.8318 -16.6078 -10.3223 -1.17036 0.391649 -7.60062 -22.703 -28.1564 -23.1772 -8.35523 13.5263 -13.5929 -13.0978 -0.718284 -1.02421 -6.30647 -10.7694 -6.3807 -1.05064 0.293716 -8.61943 -24.4096 -31.0122 -24.8269 -9.19328 8.68065 -8.82497 -7.7817
0.466308 0.390935 4.24795 6.98068 5.1097 1.19818 0.799249 -2.78481 -8.32726 -9.5978 -8.81164 -4.10516 -6.48608 6.48368 6.49244 0.159518 0.441883 3.3199 5.66531 3.8954 0.837402 0.609352 -3.80641 -10.5592 -13.2934 -11.1902 -4.90989 -4.60718 4.72505 3.87764
1.67171 16.6484 28.7954 17.3714 -0.495609 -6.63728 -24.7255 -38.8202 -50.1222 -46.2935 -28.377 5.23429 -18.1968 18.7848 14.5746 -1.25477 4.12947 9.53347 4.40583 -2.14632 -3.31411 -17.9684 -31.708 -44.427 -39.0064 -20.7708 3.61984 -2.81881 3.12195 0.953505
-4.24585 -7.67285 -5.84044 3.14503 10.7768 4.55614 -20.0213 4.01105 41.3669 64.8786 65.0552 41.9982 0.831622 -0.530236 -2.67771 -4.44446 -5.62846 -7.83204 -6.44499 -1.69717 -1.54178 -10.0635 0.149802 16.3904 30.1524 30.5477 19.9195 9.51061 -9.58206 -9.06195
1.68711 -2.27135 -2.29521 2.294 6.03483 5.34436 -4.82936 -2.30458 2.99587 6.62548 7.35285 6.14457 -3.5358 3.61666 3.03655 0.263869 -0.482574 -0.721728 0.395868 1.59908 1.2609 -2.113 -1.04784 0.881611 2.69934 3.37736 2.92642 -0.597026 0.652814 0.253592
-3.36665 -2.21721 -9.06807 -16.1114 -14.6039 -7.23855 3.01677 3.40683 2.97552 0.784634 -1.75763 -2.78068 16.9726 -17.4251 -14.1795 -0.019704 -0.0690916 -0.456901 -1.51567 -1.74887 -0.872797 0.807126 0.672771 0.384446 -0.346448 -1.07739 -1.0726 0.839035 -1.03321 0.357092
-3.63014 -15.7114 -33.8412 -29.2447 -7.03667 4.77169 -7.99509 -23.7425 -44.7004 -42.4455 -23.1293 -3.8051 28.65 -28.9913 -26.5222 -1.85005 -6.61466 -17.3614 -15.695 -4.98955 -0.170483 -2.4536 -7.35988 -15.3555 -14.7297 -6.48234 -0.510919 14.6013 -15.088 -11.594
0.740458 1.46057 24.5765 41.3771 24.7604 1.74905 0.107743 -17.7578 -49.6627 -58.3515 -49.6234 -17.8677 -33.178 33.189 33.0588 -0.167224 0.337626 11.4969 22.3879 11.6207 0.457761 0.0364795 -16.0984 -49.1176 -64.4869 -48.9622 -16.1138 -14.9604 15.288 12.9259
-12.096 -15.2852 -22.0303 -21.65 -10.5814 -6.24724 32.2982 13.4718 -17.6349 -41.4246 -51.8076 -45.8388 29.4319 -29.868 -26.7222 -6.79992 -8.58941 -12.467 -12.6382 -6.82505 -4.53101 17.5174 8.80373 -5.56196 -19.0553 -25.2849 -23.4343 16.4401 -16.9264 -13.4338
-1.22762 -8.82933 -11.7778 -4.84091 3.58185 4.81997 -2.42852 -5.60008 -8.3342 -6.99893 -3.41369 -0.0771867 5.82416 -6.00648 -4.70097 -0.242717 -1.89127 -3.13242 -1.21429 1.06413 0.916035 -0.71462 -1.42723 -2.15089 -1.71864 -0.483195 0.300095 1.25943 -1.34064 -0.758601
2.36368 1.66055 0.107361 0.373251 0.178341 1.63805 1.72277 2.14008 0.676693 0.0231801 -0.620722 -1.95327 -2.60658 2.48991 3.31671 15.8141 9.51203 0.892992 1.03112 1.85925 10.6767 21.2337 19.1079 6.83328 -0.753914 -8.00785 -19.2799 -14.0482 14.0374 14.0953
33.2497 18.3244 2.54624 2.52154 4.7866 21.556 1.7777 1.62991 1.4057 0.97144 0.00678766 -1.4077 -27.6995 28.1178 25.0967 11.2915 5.75795 0.202442 -0.452846 1.38326 7.78749 -0.262319 0.0254413 0.49256 0.714636 0.609612 0.448126 -7.70866 8.08145 5.40863
-2.69172 -2.3307 -0.860174 -0.192557 -0.101478 -1.48445 15.6469 13.6463 6.20535 1.39814 -3.5822 -12.1177 2.51369 -2.5672 -2.18254 -1.0466 -0.870922 -0.150604 0.244814 0.253082 -0.46381 14.9918 12.8886 6.09547 1.41764 -3.53222 -11.5141 0.620572 -0.642596 -0.484011
-5.87273 2.11506 -1.64564 -13.6451 -19.3189 -14.1126 13.5914 18.7359 22.7175 19.8556 8.71964 -5.66269 17.4026 -17.7241 -15.4124 -2.12584 -0.564253 -1.40265 -5.01462 -6.53376 -4.41007 5.06417 6.66965 8.14887 6.64448 1.67168 -2.99936 5.96783 -6.25312 -4.20837
5.02997 14.2302 18.6176 12.0397 0.823963 -2.73389 -13.9831 -5.49293 7.83229 18.6165 24.6971 21.3079 -15.5333 15.9452 12.9925 -0.300817 3.53111 5.11483 1.06839 -2.98042 -2.66116 -7.61147 -3.76979 2.91571 10.1281 13.4328 11.3002 -0.377492 0.615996 -1.08881
-6.93936 -9.27088 -19.6192 -24.6522 -16.5885 -6.70765 13.7447 14.8272 12.5823 3.72127 -6.57399 -12.1655 27.621 -28.1738 -24.2 -1.87328 -3.03227 -6.14088 -7.43867 -4.86156 -2.23674 4.58801 4.85708 4.39331 1.16089 -2.73357 -4.43812 7.423 -7.82886 -4.91959
4.40868 13.2098 17.4051 11.0569 -1.66878 -5.3482 -12.9313 -13.7515 -15.1435 -17.0518 -13.0464 5.39841 -13.6214 13.6832 13.2283 1.57301 9.03319 14.1193 7.33917 -1.42293 -3.09413 -14.8191 -21.9747 -27.0746 -24.2842 -13.6131 4.48662 -8.43431 8.79046 6.24099
0.675682 0.440737 -0.102884 -0.0660019 -0.0699073 0.457868 0.811347 0.846398 0.256838 0.0287292 -0.220708 -0.824257 -0.587706 0.551866 0.806154 6.4197 4.23916 0.582829 0.427752 0.770887 4.39248 8.08525 7.54313 3.07644 -0.0139227 -3.05295 -7.45233 -6.02673 6.00009 6.18199
-2.1718 7.73482 10.2718 1.5116 -9.25788 -10.8386 -2.47553 -8.45955 -15.2998 -19.67 -16.8256 -6.16967 1.00794 -1.00171 -1.04574 -1.03434 1.08148 2.03658 -0.863112 -3.84981 -3.0552 -0.689654 -1.87517 -3.54393 -4.81102 -3.37382 -0.934338 1.85183 -1.89491 -1.58559
-1.06563 4.47004 12.795 12.4823 4.63185 -1.98051 4.83219 17.746 33.938 37.8671 27.8433 8.58756 -9.77723 10.1429 7.5252 -2.14527 -1.42278 -2.44719 -4.18286 -3.77557 -1.96837 1.3882 6.0607 13.1691 15.1989 9.30915 2.66522 6.00822 -5.92874 -6.4921
0.570812 0.350989 -0.0216605 -0.00937097 -0.0455112 0.347366 -0.69604 -0.610073 -0.112002 0.0483468 0.181654 0.640512 -0.471241 0.455593 0.566298 3.23498 2.26072 0.572633 0.467906 0.359469 2.10216 -4.08967 -3.69795 -1.486 -0.100938 1.38107 3.798 -3.25817 3.23262 3.41026
0.68757 1.79304 7.68451 10.3768 5.85961 0.286099 -1.47494 -10.1757 -21.216 -25.3848 -19.7508 -7.52326 -9.41893 9.40133 9.51235 1.36865 2.04011 8.27562 12.2328 7.76241 1.84302 -0.844681 -1.749 -3.5705 -5.14799 -2.53851 -0.143036 -11.1959 11.3717 10.104
2.24002 -18.1361 -22.7082 -2.10505 19.098 19.7293 -3.01928 -1.5381 1.65913 3.61163 3.82165 3.50458 0.738406 -0.717142 -0.868294 -0.360574 -5.79578 -9.77472 -3.72045 4.49857 4.4363 -1.37079 -1.20029 -0.321639 0.869943 1.45518 1.48338 3.64293 -3.68515 -3.38006
2.15087 1.65641 5.01665 7.81848 5.53289 2.09 0.930249 -0.985883 -3.67507 -5.14217 -4.63077 -2.68344 -8.60757 8.59 8.70362 1.79969 1.98131 5.19102 7.60691 5.33885 2.16761 0.346465 0.395574 0.245865 -0.329356 -0.29347 -0.33048 -7.85884 8.03302 6.78069
1.43796 -5.84503 -5.03251 3.82369 10.6065 8.69328 4.13808 7.93576 10.8427 8.56046 3.62273 -1.01308 -4.51592 4.60588 3.95929 0.139546 -1.29911 -1.58775 0.948863 3.03387 1.92767 1.62193 2.62446 3.5593 2.81827 0.794628 -0.840485 -0.847381 0.915617 0.427147
0.724156 1.9563 15.3336 23.4936 14.7961 1.60615 -0.416067 -12.1855 -30.7833 -34.9129 -30.1784 -11.3709 -20.1863 20.238 19.8408 -0.342465 0.44785 6.69084 12.028 6.64078 0.512092 -0.127497 -11.4778 -31.334 -39.6033 -30.9254 -11.1074 -8.05483 8.342 6.2801
-2.92261 -2.44366 4.23762 10.0765 8.41495 0.738651 4.1933 -12.5321 -36.2938 -48.4061 -41.4395 -20.5276 -5.58625 5.8012 4.26031 -2.19272 -1.9309 -1.50658 -0.619998 -0.370833 -1.33174 1.36878 -2.40353 -8.91197 -14.3796 -11.4412 -5.45319 2.94724 -2.92005 -3.11219
15.7876 8.3032 -0.213229 -0.519685 0.965667 10.4324 -65.4062 -52.5771 -17.6957 1.91678 21.2746 54.7354 -11.5128 11.7027 10.3309 -1.3268 -1.9456 -1.62472 -2.56406 -1.9748 -2.00639 -59.6123 -44.8588 -15.4252 0.459033 16.5934 46.4918 4.74395 -4.55238 -5.91351
0.172174 2.70884 20.4066 32.1001 20.2384 2.53877 -0.770426 18.9403 49.1777 60.6759 49.9445 20.379 -25.8165 26.3044 22.7925 -3.36806 -2.03243 -2.05624 -1.83757 -2.29832 -2.17746 -0.474638 7.17015 20.2278 28.4354 20.5655 7.9804 6.22054 -5.88546 -8.27387
-0.169582 0.379919 13.9463 25.8979 14.3709 0.766694 -0.39172 22.7879 67.0089 84.689 67.4791 23.3861 -18.3457 18.6223 16.6189 -1.00227 -0.61862 1.31915 4.3077 1.31276 -0.709288 0.0937866 17.3527 52.451 70.4862 52.8782 17.3303 -0.832129 1.03689 -0.427265
14.3501 10.0612 1.53184 -1.17217 1.20754 9.84573 0.405087 0.491816 0.34603 -0.0125034 -0.295867 -0.343131 -11.4507 11.7927 9.34224 3.62472 2.45984 -0.330838 -1.86171 -0.445104 2.52537 -0.104025 -0.0180468 0.114638 0.117213 0.0663188 0.0849195 -1.45717 1.62196 0.443063
-17.8134 -11.313 -3.12233 -3.44345 -4.248 -12.6393 -21.4621 -16.7501 -5.21817 1.26785 7.55976 18.3807 18.0008 -18.1458 -17.0878 -12.3444 -7.91258 -2.69896 -2.59526 -2.63279 -7.9817 -22.4971 -17.8428 -6.52423 0.348234 7.12384 18.3241 11.9043 -12.1192 -10.5683
3.28447 -10.2167 -7.66241 9.5371 23.2315 18.7957 17.7616 5.48142 -16.2465 -28.6209 -29.1638 -23.7448 -11.4512 11.9158 8.59303 -1.77388 -4.19426 -5.25336 -1.2467 4.00714 2.56212 6.53598 2.87725 -3.01728 -9.5944 -11.6448 -9.66142 2.6534 -2.51919 -3.47616
3.08255 2.57361 28.2447 47.5155 34.0352 7.91082 1.24461 -6.17677 -18.5096 -23.1458 -19.6881 -8.40949 -42.7028 42.9287 41.2631 -0.837742 0.453623 10.9342 20.5246 13.549 2.25381 0.415304 -2.04539 -7.36526 -11.5968 -8.55079 -3.21476 -13.8998 14.5822 9.68991
3.3963 10.1268 2.57911 -11.9934 -15.509 -5.41372 -23.2626 -25.9496 -25.3495 -15.0475 2.68435 17.8291 6.6038 -6.41863 -7.73014 -0.238712 1.22119 -1.37995 -6.42265 -6.60358 -2.64467 -9.39819 -10.0182 -8.76863 -3.61969 3.62516 8.03496 5.1921 -5.32005 -4.40007
-9.54545 -15.112 -21.9838 -19.5986 -6.56161 -1.60535 -25.9595 -9.01721 18.0436 38.2352 44.9695 37.9334 25.2542 -25.5315 -23.5229 -5.70725 -7.73225 -11.5578 -11.6233 -6.00045 -3.56347 -12.3455 -6.08352 4.07202 14.5622 19.0305 16.9959 14.6201 -15.0631 -11.8829
1.44841 9.43155 13.2651 6.64917 -3.49204 -5.62775 2.62476 2.82773 2.69762 1.25505 -1.04166 -2.40838 -7.11193 7.2692 6.14032 0.00505638 1.76421 3.16452 1.21449 -1.23159 -1.14207 0.62038 0.67747 0.582529 -0.0657559 -0.716118 -0.747504 -0.92737 1.02795 0.307983
3.17493 9.77644 18.1699 16.8832 4.76954 -3.30187 1.11277 0.136423 -0.713182 -0.0798712 2.70733 -0.0497466 -17.4161 17.4248 17.3404 0.268836 4.44792 11.9638 11.0629 3.52848 -0.675148 1.55207 6.30087 11.6823 12.8551 10.2853 3.46717 -9.30688 9.70886 6.82915
-2.95625 -5.17308 -8.75286 -8.70164 -4.4032 -1.45368 8.22612 3.37349 -4.41192 -11.9915 -15.0352 -12.423 10.2617 -10.5043 -8.76361 -0.209108 -0.912217 -1.41924 -0.991457 -0.254504 -0.0886078 2.71345 1.93585 0.169386 -2.52765 -3.83549 -3.54089 0.816953 -0.950584 0.00614069
0.586094 0.4752 4.66693 6.47489 4.7044 0.397386 -0.127374 -1.55985 -3.28443 -1.77218 -3.33975 -1.39613 -6.82177 6.59906 8.17513 0.614532 1.51166 17.1277 27.645 16.8143 1.31874 -0.280202 -12.2666 -31.8933 -35.7769 -31.7045 -11.7854 -22.7976 22.8159 22.6521
0.0209653 0.938255 2.99625 3.74304 2.22684 0.189969 -0.81654 4.53142 12.5193 16.2134 13.6497 6.15718 -3.23386 3.32889 2.64767 -0.430615 -0.181858 -0.355145 -0.611253 -0.560627 -0.349922 -0.373616 1.99512 5.91833 8.17335 6.49496 2.77763 1.04321 -1.00366 -1.28522
-0.0612911 0.10282 -0.113014 -0.307215 0.308606 0.617266 0.105895 -0.752292 -1.26408 -1.34332 -0.334657 -0.605748 0.193342 -0.0754627 -0.913895 -1.74585 -2.89374 -5.85085 -6.5877 -3.07753 -0.236428 2.20598 4.32204 7.25088 7.84811 6.53756 0.883853 7.26301 -7.24903 -7.34014
-0.821072 -1.1771 -2.31127 -2.68355 -1.61526 -0.575576 -0.409555 0.87646 2.65387 3.50408 3.02146 1.59262 3.05249 -3.10599 -2.72074 -0.159374 -0.296509 -0.707123 -0.824648 -0.444215 -0.182995 -0.198222 0.281591 1.08133 1.50063 1.22889 0.616337 0.747782 -0.792098 -0.474474
-11.692 -7.4401 0.0790858 0.484306 0.114364 -7.3269 -9.2273 -7.30912 -3.09914 -0.141784 2.94441 7.27979 9.73003 -9.53571 -10.906 -19.0564 -11.9983 -3.25617 -3.47417 -3.69172 -12.5453 -2.20113 -1.28432 -0.541107 0.106375 0.754805 1.39014 18.6676 -18.7679 -18.0272
